단축코드,종목명,종가,대비,등락률,시가,고가,저가,거래량,거래대금,시가총액,상장주식수
069110,3H,1695,25,1.5,1695,1720,1590,261612,436466930,15155164500,8941100
060310,3S,650,-5,-0.76,650,655,645,25404,16534850,13709800000,21092000
036360,3SOFT,2040,160,8.51,1910,2120,1820,2855655,5688342470,41671263600,20427090
900010,3노드디지탈,3110,-95,-2.96,3230,3250,3040,1080750,3379720005,124400000000,40000000
013340,AJS,2565,-115,-4.29,2720,2790,2550,395732,1046208605,51507939420,20081068
039790,AMIC,1020,120,13.33,850,1020,850,1052866,1004376715,40028218020,39243351
065770,C&S마이크로,3395,55,1.65,3365,3400,3295,105167,352035470,40740000000,12000000
037150,CJ인터넷,17250,-350,-1.99,17650,17750,17250,148877,2591411300,393185063250,22793337
051500,CJ프레시웨이,9680,130,1.36,9550,9680,9550,1909,18362950,104169384000,10761300
035760,CJ홈쇼핑,65800,-700,-1.05,67000,67000,65300,24262,1596589300,724098139800,11004531
035710,CL,940,-85,-8.29,1000,1025,935,119458,116017440,35656712620,37932673
050470,CMS,740,-5,-0.67,750,750,720,38429,28146355,17094193140,23100261
023460,CNH캐피탈,2320,110,4.98,2250,2330,2210,349169,788679875,86304000000,37200000
064060,CTC,2330,300,14.78,2050,2330,2035,2132199,4792661045,21528524300,9239710
068790,DMS,9040,10,0.11,9220,9230,9020,141306,1287385460,179782303920,19887423
065340,DM테크놀로지,2510,5,0.2,2535,2535,2460,39139,97370250,20923728970,8336147
037370,EG,14000,250,1.82,13750,15050,13650,526063,7624468750,63000000000,4500000
080220,EMLSI,4475,105,2.4,4400,4475,4390,16558,73576205,43782039600,9783696
079190,EMW안테나,4255,-120,-2.74,4400,4400,4220,10936,46917840,26682339100,6270820
054020,GK파워,2025,-40,-1.94,2000,2350,1995,3579476,7777519970,41053035600,20273104
083450,GST,2540,-75,-2.87,2605,2630,2500,83031,212058215,19100800000,7520000
028150,GS홈쇼핑,67800,0,0,68300,68300,66000,5708,383489400,444937500000,6562500
053870,GT&T,1525,25,1.67,1505,1550,1470,128581,192920755,12200000000,8000000
041590,H&H,2200,-65,-2.87,2210,2265,2175,64643,142357650,32434131400,14742787
052310,H1바이오,720,75,11.63,645,740,635,8714517,6201571780,57865397040,80368607
007640,HK저축은행,7100,-350,-4.7,7550,7550,7100,14784,106444470,177160584500,24952195
036640,HRS,5410,150,2.85,5270,5410,5270,204762,1097312930,88479468000,16354800
053950,HS바이오팜,4975,-45,-0.9,4980,5050,4920,80076,396782465,111364499400,22384824
007720,HS홀딩스,1315,-40,-2.95,1355,1365,1305,352445,466522150,60707406320,46165328
060910,I.S하이텍,380,-5,-1.3,385,385,365,751049,281538900,20959166000,55155700
038710,ICM,895,35,4.07,870,950,860,346793,313323570,23610739030,26380714
080570,IC코퍼레이션,385,5,1.32,385,385,375,723225,274651915,24201329845,62860597
026230,IDH,1720,80,4.88,1650,1810,1630,913439,1586682720,35535753840,20660322
095340,ISC,6380,0,0,6400,6420,6000,35579,220687330,49062200000,7690000
036420,ISPLUS,4700,235,5.26,4450,4730,4370,378524,1740070625,132708499700,28235851
065310,JH코오스,1545,20,1.31,1545,1565,1495,283722,432802445,37353860520,24177256
037110,JS,515,65,14.44,450,515,450,2209224,1115436645,23787658420,46189628
067130,JS픽쳐스,1055,0,0,1055,1085,1030,212436,221370090,22202603710,21045122
021320,KCC건설,49850,-950,-1.87,50700,50700,49800,13594,679657850,289130000000,5800000
036670,KCI,4530,-130,-2.79,4650,4650,4450,40104,181952730,28539000000,6300000
068060,KCW,2555,40,1.59,2550,2625,2525,264501,681992645,13899200000,5440000
060720,KH바텍,15600,300,1.96,15450,15700,14950,130136,1991640550,124800000000,8000000
039420,KL-Net,1055,5,0.48,1050,1090,1045,36102,38517515,25483240150,24154730
043610,KTF뮤직,2130,10,0.47,2145,2230,2100,84721,183036895,50266108560,23599112
036030,KTH,10200,300,3.03,10100,11000,9950,1093594,11504962550,351900000000,34500000
060370,KT서브마린,7620,40,0.53,7580,7650,7570,2526,19218060,33375600000,4380000
016990,LG마이크론,48000,-1450,-2.93,49000,49400,47100,158013,7589711750,517263552000,10776324
052300,M&M,1085,-15,-1.36,1120,1135,1075,198278,216249650,57326311350,52835310
068150,MCS로직,2810,-120,-4.1,2900,2920,2800,76364,218081145,23142606430,8235803
086960,MDS테크,6000,-40,-0.66,6000,6160,5790,30416,181226330,57007680000,9501280
046320,MTRON,6460,-340,-5,6800,6800,6330,365100,2372621460,183105670260,28344531
078150,NCB네트웍스,2140,75,3.63,2050,2185,2050,46165,98400045,47015900580,21970047
035420,NHN,207900,1400,0.68,206500,212000,206500,339292,71249369500,10005749661600,48127704
025340,NHS금융,1335,-10,-0.74,1345,1350,1205,80666,104747565,8431307310,6315586
065910,PW제네틱스,2615,-25,-0.95,2600,2780,2520,147235,381317025,24621621410,9415534
091340,S&K폴리텍,3695,40,1.09,3695,3700,3645,22031,80582565,29190500000,7900000
046140,SBSi,8030,480,6.36,7620,8120,7600,107927,851744070,91091781990,11343933
040610,SG&G,1590,65,4.26,1525,1630,1510,108363,169559020,47285598300,29739370
066270,SK컴즈,14300,0,0,14350,14600,14250,155907,2241079250,618365547800,43242346
051980,SNH,5960,-180,-2.93,6170,6200,5840,565564,3363192770,103678193200,17395670
071660,SSCP,18400,750,4.25,17700,18550,17650,189441,3428535700,414184000000,22510000
031800,ST&I,310,10,3.33,295,325,295,1471330,459972760,25157332660,81152686
036280,ST&I글로벌,935,5,0.54,900,950,885,36564,33695555,11543414630,12345898
036540,STS반도체,5630,20,0.36,5730,5730,5450,47444,262863060,84823589910,15066357
032540,TJ미디어,2555,20,0.79,2535,2565,2535,19108,48657500,32925007500,12886500
048770,TPC,2305,40,1.77,2250,2335,2240,216,488275,9911500000,4300000
057030,YBM시사닷컴,12450,0,0,12600,12650,12400,40682,510411850,139689000000,11220000
023770,YNK코리아,13900,-400,-2.8,13700,14600,13700,16672,235600400,72174665800,5192422
040300,YTN,4270,145,3.52,4145,4410,4070,229170,980750115,179340000000,42000000
052220,iMBC,3360,50,1.51,3300,3415,3290,77094,259477505,77280000000,23000000
079940,가비아,2500,0,0,2530,2530,2455,59963,148969555,31839210000,12735684
078890,가온미디어,11500,100,0.88,11600,11700,11350,45077,519241500,97110243500,8444369
030270,가희,12150,-150,-1.22,12350,12400,12000,1589,19170650,12150000000,1000000
039240,경남스틸,4680,25,0.54,4745,4900,4650,12781,60091800,23400000000,5000000
011040,경동제약,9790,30,0.31,9800,9810,9740,11295,110406050,129962250000,13275000
024910,경창산업,2475,-15,-0.6,2525,2560,2435,53600,132418700,38511000000,15560000
089890,고려반도체,3340,65,1.98,3330,3350,3270,15751,52025900,17924737920,5366688
049720,고려신용정보,580,-10,-1.69,580,590,575,99736,57776845,8294000000,14300000
014570,고려제약,2150,-200,-8.51,2320,2320,2090,475608,1039288735,23650000000,11000000
038500,골든오일,7010,-110,-1.54,7230,7320,6620,356163,2497187730,97896563730,13965273
036760,골든프레임,220,0,0,0,0,0,0,0,13029257340,59223897
014200,광림,1040,-60,-5.45,1070,1095,995,191601,199760275,31634647200,30417930
026910,광진실업,2470,40,1.65,2440,2480,2410,32988,80297945,14820000000,6000000
090150,광진윈텍,3740,-160,-4.1,3935,4060,3730,128414,491178590,29920000000,8000000
053270,구영테크,1525,-85,-5.28,1590,1625,1505,155157,239005230,19611309375,12859875
066620,국보디자인,4660,-30,-0.64,4690,4690,4550,15014,68772670,34950000000,7500000
043650,국순당,5110,-20,-0.39,5160,5160,5090,35062,179498130,91255933440,17858304
006050,국영지앤엠,1125,10,0.9,1115,1135,1105,70453,78487570,22964391000,20412792
078130,국일제지,8330,330,4.13,8160,8680,8100,3570,29900320,16660000000,2000000
053740,국제엘렉트릭,8750,-200,-2.23,9070,9070,8670,32003,281206850,86205000000,9852000
037510,굿라이프10-MF,5790,640,12.43,5210,5790,5200,302,1661350,4347132000,750800
065270,굿센,1465,-30,-2.01,1495,1500,1465,35995,53167910,25012992475,17073715
051530,굿이엠지,2080,-25,-1.19,2130,2175,2060,70879,148424305,24870853280,11957141
019010,그랜드백화점,17350,100,0.58,17200,17550,17200,18735,325350100,83627000000,4820000
033880,그랜드포트,3400,-40,-1.16,3410,3455,3340,220100,747438935,39513069400,11621491
033885,그랜드포트우,3850,-40,-1.03,3765,3995,3765,552,2137685,770000000,200000
034600,글로웍스,500,-85,-14.53,610,655,500,24613005,13410490675,45104007000,90208014
037830,글로포스트,4290,-10,-0.23,4320,4370,4130,86432,361098755,16075149090,3747121
053260,금강철강,3240,125,4.01,3140,3400,3130,42445,135774670,60652800000,18720000
036190,금화피에스시,7340,-110,-1.48,7500,7500,7300,44185,324837820,44040000000,6000000
004790,기륭전자,1170,125,11.96,1035,1200,1035,4365715,5154646920,58862607570,50309921
035460,기산텔레콤,2555,5,0.2,2570,2585,2490,91380,232770360,36631903700,14337340
054120,김종학프로덕션,1640,-25,-1.5,1670,1675,1605,503419,827524405,45154679240,27533341
036270,나노마인,125,0,0,0,0,0,0,0,7252347500,58018780
039860,나노엔텍,2775,-25,-0.89,2780,2835,2740,110361,304341255,48886298100,17616684
091970,나노캠텍,6160,-140,-2.22,6120,6290,6100,13857,85049100,31183768000,5062300
010670,나노트로닉스,8080,-320,-3.81,8400,8410,7920,84353,681559450,101631654000,12578175
071360,나노하이텍,1275,-135,-9.57,1400,1400,1205,288354,367482345,18004935450,14121518
051490,나라엠앤디,2305,300,14.96,2050,2305,2010,545837,1209088545,32731000000,14200000
032800,나래윈,2130,-50,-2.29,2200,2245,2060,22126,47375015,16692797220,7836994
036850,나리지*온,1400,0,0,0,0,0,0,0,25551680000,18251200
079340,나모텍,1430,10,0.7,1420,1535,1400,814262,1195928925,49404130490,34548343
067160,나우콤,5310,-130,-2.39,5550,5550,5300,23734,127021210,89918844390,16933869
036800,나이스,4265,115,2.77,4210,4310,4200,26892,114968450,42650000000,10000000
037540,네스테크,980,-20,-2,1000,1015,945,265348,255979690,49000000000,50000000
058550,네오리소스,1190,70,6.25,1160,1190,1100,1006530,1153711135,68102937210,57229359
036610,네오쏠라,1070,10,0.94,1060,1120,1025,391275,417561850,18795179160,17565588
096040,네오엠텔,8130,110,1.37,8000,8330,7920,142235,1163638610,36585000000,4500000
042510,네오웨이브,1670,80,5.03,1570,1670,1570,360518,588736180,38067275920,22794776
042420,네오위즈,8570,240,2.88,8470,8600,8370,24383,207365570,75975183930,8865249
095660,네오위즈게임즈,33500,-150,-0.45,33750,34150,33500,28982,975392650,321027217000,9582902
085910,네오티스,7400,-80,-1.07,7510,7650,7400,9863,73462080,66008000000,8920000
092730,네오팜,8900,10,0.11,8920,9000,8820,4907,43700370,45884653100,5155579
017680,네티션닷컴,13700,350,2.62,13400,13700,13100,12363,166561200,11508000000,840000
033640,네패스,7000,-110,-1.55,7240,7250,6990,366715,2590186610,130101160000,18585880
087730,네패스신소재,11300,100,0.89,11300,11600,10750,1062691,11942123300,32318000000,2860000
033430,넥사이언,520,-15,-2.8,535,535,510,283785,147023840,21920581800,42154965
019430,넥서스투자,745,10,1.36,735,750,725,375216,275856040,44285588535,59443743
073070,넥센테크,1655,0,0,1655,1675,1655,47554,78854120,23997500000,14500000
081970,넥스지,3680,-50,-1.34,3730,3800,3535,54566,200432140,21196800000,5760000
038990,넥스콘테크,3095,-60,-1.9,3140,3175,3000,41179,125084970,34727825090,11220622
089140,넥스턴,7000,0,0,7000,7060,6960,64394,450374930,40600000000,5800000
092600,넥스트칩,10800,300,2.86,10800,10800,10400,3984,42206350,56116800000,5196000
035450,넥스트코드,430,5,1.18,425,440,410,143197,60911775,42141775040,98004128
098400,넥실리온,5770,-30,-0.52,5780,6150,5600,728586,4286281980,29427000000,5100000
033280,넷시큐어테크,505,-10,-1.94,510,545,495,1130082,579123200,11592947660,22956332
047730,넷웨이브,3680,-140,-3.66,3840,3975,3675,32036,120030325,23347583360,6344452
054050,농우바이오,8150,-250,-2.98,8400,8400,8130,282797,2327526380,116545000000,14300000
040160,누리텔레콤,9120,-170,-1.83,9330,9330,8900,19658,178510930,82080000000,9000000
041060,뉴로테크,920,5,0.55,915,940,910,773557,712687830,44455438680,48321129
060260,뉴보텍,1090,15,1.4,1060,1090,1045,137052,145535275,20794018290,19077081
037550,뉴월코프,1180,150,14.56,1030,1180,985,1060893,1226240830,17635443380,14945291
012340,뉴인텍,2140,-60,-2.73,2200,2230,2140,224209,486148010,38177600000,17840000
054650,뉴젠비아이티,2720,15,0.55,2730,2845,2500,6557038,17384121720,53942210400,19831695
085670,뉴프렉스,2425,25,1.04,2485,2485,2380,410152,994568305,28729358150,11847158
053290,능률교육,4100,-95,-2.26,4190,4200,4075,120444,496646475,37717950000,9199500
064260,다날,3740,60,1.63,3720,3830,3605,257335,956737875,60121300360,16075214
067990,다르앤코,940,-10,-1.05,960,1050,910,852042,839485840,23847628920,25369818
093640,다믈멀티미디어,3020,50,1.68,3080,3080,2970,2290,6862365,18525601100,6134305
090710,다사로봇,5190,0,0,5280,5280,5080,53669,276485590,30412735680,5859872
039560,다산네트웍스,7400,-190,-2.5,7560,7600,7100,65319,478597180,104147000600,14073919
043710,다스텍,2150,-60,-2.71,2205,2220,2150,299572,654079610,34232379550,15922037
032190,다우데이타,3230,-35,-1.07,3270,3310,3230,354521,1152659490,115311000000,35700000
077280,다윈텍,10100,-50,-0.49,10150,10300,9900,146132,1467733670,43430000000,4300000
035720,다음,65500,-300,-0.46,66200,66300,65000,140285,9094070800,847342256500,12936523
055250,다휘,150,0,0,0,0,0,0,0,15000000000,100000000
085990,단성일렉트론,3650,230,6.73,3410,3685,3305,1387285,4975287675,50614838350,13867079
040670,단암전자통신,600,5,0.84,595,615,585,325588,194158405,12246000000,20410000
020400,대동금속,35000,2700,8.36,32300,35500,32050,6589,224798100,16800000000,480000
008830,대동기어,28850,1350,4.91,27800,28850,27800,104,2912950,18520719100,641966
048470,대동스틸,4500,355,8.56,4220,4530,4220,372510,1632607440,45000000000,10000000
004780,대륙제관,17150,-50,-0.29,17200,17200,16800,3384,57256750,20580000000,1200000
017650,대림제지,2505,-420,-14.36,2800,2800,2490,269800,682193745,22545000000,9000000
078140,대봉엘에스,4625,50,1.09,4650,4650,4580,218,1004580,19887500000,4300000
031990,대선조선,158500,-2400,-1.49,160900,168400,153000,1460,229118700,80201000000,506000
036480,대성미생물,51800,500,0.97,51500,52100,50800,1651,85177500,19684000000,380000
025440,대성엘텍,1275,0,0,1280,1295,1270,11390,14527410,22905206700,17964868
019570,대신벤처,505,10,2.02,500,515,475,506936,252851345,21177865840,41936368
020180,대신정보통신,780,-15,-1.89,800,810,775,181163,142308060,29974553700,38428915
045390,대아티아이,2050,-20,-0.97,2080,2095,1920,750644,1518635205,118781243500,57942070
006580,대양제지,8440,-790,-8.56,8850,9150,8440,2133,18414920,22661400000,2685000
016890,대웅화학,30550,-1450,-4.53,31500,31800,30550,361,11298150,129837500000,4250000
048910,대원미디어,5900,-450,-7.09,6300,6390,5900,113818,692231050,53192417600,9015664
005710,대원산업,2225,-45,-1.98,2290,2300,2200,13222,29509140,26700000000,12000000
041140,대유베스퍼,3450,0,0,0,0,0,0,0,54764696250,15873825
003310,대주산업,490,-5,-1.01,500,505,485,1005895,495249370,17342251500,35392350
078600,대주전자재료,6190,230,3.86,6000,6200,5830,121983,744526620,50895046600,8222140
065500,대진공업,7020,-70,-0.99,7160,7250,6990,110324,784202000,44605290600,6354030
065690,대진디엠피,6930,240,3.59,6950,7050,6830,112885,785414790,81081000000,11700000
096350,대창메탈,5670,40,0.71,5610,5690,5540,38423,215580250,63504000000,11200000
054670,대한뉴팜,8080,130,1.64,7910,8080,7760,61504,485194040,104153624000,12890300
023910,대한약품,2475,-25,-1,2525,2525,2440,8006,19719510,14850000000,6000000
067080,대화제약,3270,105,3.32,3170,3270,3170,57597,186488160,45177744480,13815824
045380,더존디지털,14000,-200,-1.41,14200,14200,13750,57167,793258950,120785392000,8627528
077360,덕산하이메탈,4550,15,0.33,4570,4630,4450,108282,491802085,88582161850,19468607
013650,데코,1155,-85,-6.85,1210,1240,1110,79048,91469300,41654580660,36064572
053070,덱트론,6160,-290,-4.5,6550,6550,6080,90782,563189490,37890511120,6151057
027710,도드람B&F,1030,10,0.98,1020,1045,995,3498894,3582326980,55429929980,53815466
071930,도들샘,790,-30,-3.66,835,850,770,890236,722911675,16736026760,21184844
078610,도움,2795,-60,-2.1,2880,2880,2795,86680,244563040,27471797860,9828908
005160,동국산업,5860,-130,-2.17,6180,6580,5860,3929900,24420011700,293000000000,50000000
075970,동국알앤에스,2540,70,2.83,2535,2540,2360,62347,151132855,29210000000,11500000
086450,동국제약,21500,-450,-2.05,21950,22700,21200,29204,638609900,147060000000,6840000
007390,동보중공업,870,35,4.19,850,885,830,193337,167728995,9347845500,10744650
044640,동부CNI,4515,0,0,4510,4570,4375,412291,1852617635,112518504630,24921042
031960,동산진흥,11500,-2000,-14.81,13600,14150,11500,310555,3992721150,83367801000,7249374
026960,동서,26400,0,0,26400,26400,26000,3851,101119400,786720000000,29800000
025950,동신건설,9900,-90,-0.9,10050,10100,9850,45346,450441440,83160000000,8400000
009730,동신에스엔티,5230,680,14.95,4555,5230,4500,90269,454108845,21286100000,4070000
049180,동아G&L,9600,-450,-4.48,10000,10000,9300,83615,805837120,38471875200,4007487
088130,동아엘텍,4735,-200,-4.05,4900,4930,4685,34104,162692600,20834000000,4400000
041930,동아화성,2300,0,0,2310,2315,2250,33241,75649195,36340000000,15800000
023020,동양매직,6040,30,0.5,6130,6150,5960,1437,8669430,50736000000,8400000
030790,동양시스템즈,1465,15,1.03,1465,1505,1455,82850,122430930,39848000000,27200000
060380,동양에스텍,4750,210,4.63,4700,4900,4610,720909,3430501390,47500000000,10000000
079960,동양이엔피,9430,120,1.29,9310,9430,9310,48491,455417980,74119800000,7860000
056340,동양크레디텍,1825,-75,-3.95,1945,1950,1825,25045,46417965,23795937750,13038870
007150,동양텔레콤,1785,-35,-1.92,1785,1820,1780,41127,73768455,13744500000,7700000
088910,동우,3055,-80,-2.55,3210,3210,3035,899553,2813988920,69837300000,22860000
013120,동원개발,17500,100,0.57,16900,17700,16900,85,1478700,158914175000,9080810
032960,동일기연,8330,210,2.59,8360,8900,8130,666,5578540,62078075500,7452350
023790,동일철강,47900,50,0.1,47950,48400,46300,23687,1118647200,86220000000,1800000
005290,동진쎄미켐,3020,-10,-0.33,3070,3175,2940,1742094,5320174880,113552000000,37600000
025900,동화홀딩스,32000,-150,-0.47,31800,32300,31700,18623,595311800,643700288000,20115634
078590,두올산업,3090,160,5.46,2930,3100,2930,8110,24269045,13287000000,4300000
073190,듀오백코리아,8240,110,1.35,7920,8240,7920,2491,20334500,35844000000,4350000
080140,디보스,920,-160,-14.81,1110,1230,920,26425833,28832998370,32833006920,35688051
046400,디브이에스,1550,-60,-3.73,1615,1620,1525,1237859,1921614705,48574295250,31338255
066670,디스플레이텍,2845,-75,-2.57,2920,2975,2820,96459,276618660,25804150000,9070000
034750,디씨씨,2765,-5,-0.18,2720,2770,2720,12054,32944125,48733125000,17625000
033720,디아만트,6820,0,0,0,0,0,0,0,53332618240,7820032
033725,디아만트우,4320,0,0,0,0,0,0,0,648000000,150000
074130,디아이디,1760,0,0,1760,1790,1720,32894,57568425,33140800000,18830000
037240,디아이세미콘,1900,195,11.44,1730,1950,1700,439669,811182375,24411980900,12848411
090090,디앤샵,4030,-100,-2.42,4100,4110,4030,45040,182605755,43722187340,10849178
047770,디앤에코,1450,-200,-12.12,1650,1650,1435,378656,570111785,17076368700,11776806
089240,디앤티,2690,-25,-0.92,2705,2735,2665,31950,85749520,16597141290,6169941
039840,디에스아이,11000,-150,-1.35,11400,11400,10900,8402,92813650,115918770000,10538070
051710,디에스엘시디,4740,-510,-9.71,5180,5250,4630,994599,4934916615,85320000000,18000000
016040,디에스피,510,-25,-4.67,530,535,495,967322,493953580,44953411950,88143945
066900,디에이피,1140,-15,-1.3,1145,1170,1115,55149,62765005,19665000000,17250000
092070,디엔에프,6800,210,3.19,6480,6800,6450,29731,196027680,42823680000,6297600
085660,디오스텍,2470,-10,-0.4,2500,2590,2460,14267,35420860,31771674220,12863026
044180,디와이,760,0,0,0,0,0,0,0,9890085200,13013270
079810,디이엔티,2340,-25,-1.06,2350,2350,2290,31932,73557970,19422000000,8300000
043360,디지아이,3245,10,0.31,3250,3280,3205,16893,54671200,29205000000,9000000
060240,디지탈온넷,1535,25,1.66,1540,1545,1510,68158,103780550,24329467560,15849816
068930,디지털대성,3870,35,0.91,3835,3875,3745,20054,76649415,38159426790,9860317
056010,디지털큐브,285,-5,-1.72,290,295,275,1416610,404895270,25610862660,89862676
038340,디지털텍,1470,20,1.38,1450,1470,1405,37726,54029270,13923840000,9472000
091690,디지텍시스템,29500,-250,-0.84,29950,30800,29450,268320,8021651300,401468863000,13609114
033130,디지틀조선,2625,0,0,2660,2675,2600,89198,233528845,97427575875,37115267
033310,디케이디앤아이,4315,30,0.7,4400,4400,4205,12767,54439220,94810953465,21972411
050120,라이브플렉스,1290,20,1.57,1275,1325,1270,28847,37310885,23131490520,17931388
038390,레드캡투어,11750,-250,-2.08,12000,12000,11700,4892,57564600,100926390000,8589480
047440,레이젠,2010,-5,-0.25,2045,2200,1995,392127,821985540,22173377310,11031531
060570,레인콤,3890,-10,-0.26,3960,3985,3880,88118,345043065,100500402310,25835579
065170,렉스진바이오,4850,80,1.68,4770,4890,4695,65191,310761750,42221675000,8705500
026040,로만손,1975,50,2.6,1925,1975,1900,323301,624942780,26455482475,13395181
016170,로엔,4810,15,0.31,4835,4840,4730,4791,22943020,76818273350,15970535
014190,로지트,1650,-40,-2.37,1890,1890,1650,481896,850682645,26400000000,16000000
071280,로체시스템즈,4765,-15,-0.31,4700,5100,4580,24183,117064245,21156600000,4440000
038060,루멘스,4005,-15,-0.37,4030,4030,3920,29374,116322240,116421957765,29069153
082800,루미마이크로,3715,-285,-7.13,3900,3900,3715,237480,898587515,39717640825,10691155
051170,루보,2010,-150,-6.94,2235,2235,2005,540467,1131065520,20238087000,10068700
085370,루트로닉,8310,-270,-3.15,8650,8650,8300,27922,235128230,68245875000,8212500
033550,룩손에너지,16550,-1450,-8.06,17750,17900,16400,104913,1778480300,163845000000,9900000
042940,르네코,2370,-5,-0.21,2400,2405,2325,170238,401770590,40102409760,16920848
058470,리노공업,14450,450,3.21,14100,14450,13700,76706,1072964750,115922235000,8022300
039980,리노스,2230,40,1.83,2245,2250,2180,104824,233549150,70662600950,31687265
012700,리드코프,2470,120,5.11,2375,2470,2345,617692,1494339990,68062040540,27555482
031860,리젠,1575,-35,-2.17,1530,1590,1525,296265,459534755,18961757325,12039211
042500,링네트,2195,5,0.23,2185,2210,2170,20795,45704765,21105798610,9615398
045400,마스타테크론,1360,-65,-4.56,1635,1635,1220,7204296,10611142710,30518492480,22440068
088700,마이스코,19050,-400,-2.06,19800,19950,18950,29497,567213700,167640000000,8800000
037380,마이크로로봇,1015,0,0,1015,1025,995,91250,91603485,18688082560,18411904
038290,마크로젠,10800,0,0,10800,11000,10750,11308,122776750,53939574000,4994405
030420,만인에미디어,575,40,7.48,535,585,535,1274201,716947150,13119673225,22816823
005990,매일유업,17450,500,2.95,16700,17600,16700,36050,618479950,233830000000,13400000
093520,매커스,1465,5,0.34,1460,1490,1450,28373,41394915,17538947770,11971978
072870,메가스터디,351000,-6000,-1.68,355500,360000,349900,13771,4859358000,2225574117000,6340667
078160,메디포스트,14300,-250,-1.72,14650,14750,14250,76089,1096874300,81152500000,5675000
065650,메디프론,2440,-60,-2.4,2500,2500,2400,30674,74656245,47998296520,19671433
065150,메모리앤테스팅,5270,-100,-1.86,5340,5340,5160,17409,91656830,22134000000,4200000
059210,메타바이오메드,9000,-250,-2.7,9270,9340,8900,137173,1251758870,45000000000,5000000
028090,명화네트,17550,-550,-3.04,17650,18000,17450,7143,125597000,9126000000,520000
019990,모건코리아,3250,15,0.46,3235,3350,3205,90210,294460645,25365827500,7804870
080160,모두투어,32400,0,0,32050,32750,32050,35638,1151035250,272160000000,8400000
018890,모라리소스,880,75,9.32,820,880,790,315328,261032495,31503025840,35798893
051810,모보,2010,-215,-9.66,2230,2255,2005,180269,376741145,18492000000,9200000
046440,모빌리언스,4465,45,1.02,4440,4490,4415,73573,326851545,61112847920,13687088
041310,모빌링크,3625,-75,-2.03,3800,3800,3580,130724,478477765,25400092250,7006922
085680,모빌탑,2930,155,5.59,2800,3055,2800,330398,979170530,29502378030,10069071
033200,모아텍,8000,-30,-0.37,7980,8090,7890,19922,158561490,87969064000,10996133
079560,모젬,3840,30,0.79,3895,3895,3745,18021,68801145,28377216000,7389900
058900,모코코,570,-10,-1.72,585,610,540,1492985,856030565,14733885540,25848922
026260,모티스,315,0,0,315,335,305,1458517,473457470,11095039620,35222348
006920,모헨즈,3150,-50,-1.56,3250,3250,3100,371536,1170037720,26460000000,8400000
001810,무림SP,2080,-35,-1.65,2115,2115,2030,31170,64037620,46046000000,22137500
033920,무학,5240,30,0.58,5200,5280,5150,15241,79093850,137353819640,26212561
034510,무한투자,145,0,0,0,0,0,0,0,28557257580,196946604
066850,미광콘택트,2500,-270,-9.75,2770,2770,2435,171519,431859950,86010350000,34404140
053890,미디어코프,700,15,2.19,690,720,690,1647309,1160214265,73250669100,104643813
086980,미디어플렉스,13500,-200,-1.46,13700,13850,13250,20467,276077400,84510000000,6260000
095500,미래나노텍,16800,100,0.6,16750,17150,16600,98319,1652346700,108671085600,6468517
049950,미래컴퍼니,5080,-10,-0.2,5090,5170,5000,16885,85145210,38917006240,7660828
094700,미성포리테크,9470,-330,-3.37,9670,9870,9220,58366,553909970,75760000000,8000000
078940,미주레일,1440,40,2.86,1410,1450,1395,1658213,2347249970,39433920480,27384667
021040,미주소재,1850,-30,-1.6,1910,1920,1830,404409,755680245,52317260000,28279600
021045,미주소재우,815,-5,-0.61,825,830,810,18076,14725600,3457609790,4242466
053040,미주씨앤아이,1950,-55,-2.74,2075,2075,1935,192599,373041520,46696006500,23946670
002670,미주제강,965,0,0,975,1000,965,5430392,5331823440,107585322665,111487381
094480,바로비젼,4450,245,5.83,4210,4490,4210,16600,72463790,16910000000,3800000
018700,바른손,710,-15,-2.07,720,730,710,345511,247752660,32434973310,45683061
064520,바른전자,2690,-65,-2.36,2745,2775,2555,46875,124874085,19701560000,7324000
053030,바이넥스,9900,-50,-0.5,10200,10200,9840,43769,437580220,59400000000,6000000
027830,바이넥스트창투,715,-10,-1.38,715,725,710,50659,36291195,28600000000,40000000
084990,바이로메드,10250,200,1.99,10100,10600,9920,155473,1599216740,108815035250,10616101
064550,바이오니아,2670,-55,-2.02,2710,2740,2670,58234,157273180,30304500000,11350000
052260,바이오랜드,8990,-10,-0.11,9000,9090,8800,12264,109076060,67425000000,7500000
046350,바이오매스코,980,5,0.51,980,1005,960,1783109,1757357890,59760243200,60979840
038460,바이오스마트,540,-10,-1.82,550,555,540,184888,100705690,24100683840,44630896
041830,바이오스페이스,4500,100,2.27,4350,4630,4300,82665,372328210,30998304000,6888512
086040,바이오톡스텍,2990,-165,-5.23,3105,3145,2990,303795,925927370,23672879490,7917351
043150,바텍,21350,1050,5.17,20350,21450,20350,33773,705613550,192387305250,9011115
046310,백금T&A,2640,100,3.94,2510,2660,2510,3826,9995830,18321600000,6940000
066110,백산OPC,2165,-225,-9.41,2365,2365,2060,286945,612242595,33124500000,15300000
035830,뱅크원에너지,1600,30,1.91,1540,1800,1475,1370283,2287678090,26190526400,16369079
036620,버추얼텍,4000,-40,-0.99,4100,4100,3965,12408,49721755,52026184000,13006546
083650,범우이엔지,6000,-270,-4.31,6160,6340,5910,157465,951635210,78480000000,13080000
088810,베리앤모어,1155,-50,-4.15,1200,1200,1150,330462,385619290,49816753140,43131388
060410,베스트플로우,285,35,14,255,285,245,4203464,1171143940,10286658330,36093538
071530,보더스티엠,5110,660,14.83,4550,5110,4480,687856,3372902655,84040700310,16446321
014100,보령메디앙스,3670,-80,-2.13,3750,3800,3595,31306,114203035,34498000000,9400000
006910,보성파워텍,1860,0,0,1880,1900,1800,1347492,2494774820,46020213000,24742050
048550,볼빅,3815,-5,-0.13,3785,3845,3770,9776,37074090,53677534505,14070127
026940,부국철강,5170,-30,-0.58,5400,5450,5020,83602,438696320,51700000000,10000000
014470,부방테크론,13150,100,0.77,13950,13950,12550,8,104250,32926232400,2503896
025270,부산방직,13350,350,2.69,13100,13700,13100,5136,68538900,10680000000,800000
054150,브이라이프,3680,-5,-0.14,3885,3885,3515,47882,172695015,12897480000,3504750
035400,브이에스에스티,1520,20,1.33,1510,1540,1475,1549491,2340761330,121175529360,79720743
035405,브이에스에스티우,2305,-140,-5.73,2445,2500,2300,3958,9150665,599306915,260003
052900,비아이이엠티,3810,10,0.26,3850,4095,3755,80685,313411080,35814000000,9400000
045970,비에스이,9270,200,2.21,9150,9580,9150,104798,982801230,122571916830,13222429
090460,비에이치,2160,10,0.47,2140,2180,2140,18094,39048595,22118400000,10240000
047940,비엔디,1200,-95,-7.34,1235,1265,1190,552858,675349905,54824058000,45686715
023670,비엔알,830,-20,-2.35,850,870,810,199517,165524760,26719663780,32192366
086670,비엠티,8770,20,0.23,8630,8980,8600,15466,134133370,52620000000,6000000
054220,비츠로시스,2465,70,2.92,2410,2510,2385,362184,888144575,30806285735,12497479
042370,비츠로테크,3990,90,2.31,3950,4150,3910,1369794,5517417995,44825379690,11234431
032850,비트컴퓨터,2190,-30,-1.35,2210,2245,2165,92963,204030545,35129290680,16040772
032680,비티씨정보,485,-5,-1.02,500,500,480,839271,409480975,35712394455,73633803
032685,비티씨정보우,1190,-15,-1.24,1220,1260,1170,16002,19107195,1190000000,1000000
093190,빅솔론,5900,180,3.15,5750,5960,5720,19650,114942010,44250000000,7500000
065450,빅텍,5000,25,0.5,4980,5000,4910,24873,123388860,36300000000,7260000
069540,빛과전자,2130,50,2.4,2120,2150,2110,1246,2655345,13453318560,6316112
040020,사라콤,2590,145,5.93,2510,2775,2470,738979,1947755320,22602930000,8727000
063280,사이버패스,4430,-245,-5.24,4565,4565,4390,73995,329258320,50526940900,11405630
016100,산성피앤씨,9460,-100,-1.05,9560,9600,9280,239538,2257137560,85189002800,9005180
079870,산양전기,705,-30,-4.08,740,745,700,78943,56228555,16102047720,22839784
014970,삼륭물산,21900,900,4.29,23800,23800,20800,4,88450,22173750000,1012500
018310,삼목정공,4005,-90,-2.2,4100,4135,4005,102180,413772060,39249000000,9800000
016670,삼미정보,1010,130,14.77,880,1010,880,587152,572009215,5757000000,5700000
009620,삼보산업,15600,800,5.41,14750,15600,14450,850,12336650,21840000000,1400000
023600,삼보판지,42300,-100,-0.24,42500,42500,41200,691,28850450,59220000000,1400000
052560,삼성수산,840,5,0.6,835,845,825,179021,149827575,14408682960,17153194
009300,삼아제약,6950,-40,-0.57,7000,7020,6850,3853,26547610,43437500000,6250000
054540,삼영엠텍,4950,-35,-0.7,5100,5100,4900,83881,417256465,54450000000,11000000
065570,삼영이엔씨,4675,120,2.63,4555,4750,4500,60977,279585410,41140000000,8800000
019120,삼우,1375,-10,-0.72,1400,1405,1370,52169,72478610,10573838000,7690064
026250,삼우이엠씨,3755,-95,-2.47,3830,3865,3740,390935,1483478220,75100000000,20000000
073640,삼원테크,4740,-15,-0.32,4755,4885,4600,35321,165722040,85320000000,18000000
032280,삼일,2410,-55,-2.23,2480,2480,2370,62100,149774915,35380125500,14680550
002290,삼일기업공사,19200,0,0,19500,21300,18350,37936,743691850,23808000000,1240000
009520,삼정피앤에이,24550,250,1.03,24650,24650,23950,3037,73436050,73650000000,3000000
037460,삼지전자,3840,-30,-0.78,3900,3920,3750,28328,108350180,47562624000,12386100
032750,삼진,1820,-15,-0.82,1845,1845,1760,76160,135752705,10920000000,6000000
054090,삼진엘앤디,3700,-60,-1.6,3755,3755,3660,31477,116041240,29326218500,7926005
000250,삼천당제약,3930,125,3.29,3810,4320,3695,2471075,10144674610,78600000000,20000000
024950,삼천리자전거,4110,20,0.49,4210,4210,4000,38860,159148100,27566148120,6707092
017480,삼현철강,5930,-120,-1.98,6120,6180,5870,226717,1364121310,93118137700,15702890
014420,삼협글로벌,375,-15,-3.85,390,400,370,2050876,780530045,17095540500,45588108
046390,삼화네트웍스,1400,-25,-1.75,1425,1425,1360,61243,85077360,48416268600,34583049
027580,상보,10000,240,2.46,9710,10000,9710,51716,511741910,78333200000,7833320
091580,상신이디피,6990,350,5.27,6680,7050,6630,182530,1258823440,32307780000,4622000
072530,상화마이크로,3620,330,10.03,3255,3745,3215,729649,2563615325,29836908800,8242240
042600,새로닉스,2130,80,3.9,2150,2150,2050,43326,91846995,26462212620,12423574
065620,샤인,1275,-25,-1.92,1290,1325,1275,33107,42660405,14662500000,11500000
066300,샤인시스템,1785,15,0.85,1815,1835,1775,332041,595601230,72593044020,40668372
038070,서린바이오,6000,-10,-0.17,6050,6130,5960,9110,54827260,22200000000,3700000
006730,서부트럭터미,19800,-200,-1,20400,20450,19700,74531,1487385650,302290896600,15267217
079650,서산,35750,100,0.28,36350,36350,35350,968,34518900,14300000000,400000
046890,서울반도체,18900,400,2.16,18850,19200,18550,539916,10175920150,960392160000,50814400
036120,서울신용평가,580,10,1.75,570,580,570,64367,37058995,20590000000,35500000
027040,서울전자통신,735,-55,-6.96,800,810,735,264970,200570665,44498103930,60541638
018680,서울제약,2845,-60,-2.07,2930,2930,2835,18983,54749790,17781250000,6250000
093920,서원인텍,10150,0,0,10450,10850,9950,75511,780031850,94395000000,9300000
016140,서주관광개발,62500,1700,2.8,61400,62500,60300,16,985800,31250000000,500000
011370,서한,715,-20,-2.72,730,735,710,1429923,1023660170,63571268475,88910865
065710,서호전기,8200,-120,-1.44,8490,8490,8150,46020,381505180,42230000000,5150000
033790,서화정보통신,3835,-65,-1.67,3910,3910,3825,126696,488178450,43762719000,11411400
035890,서희건설,2280,-20,-0.87,2330,2415,2275,801844,1879657775,147105064200,64519765
003100,선광,18300,1700,10.24,17000,19050,16600,188382,3492411350,120780000000,6600000
065560,선도소프트,5060,-140,-2.69,5370,5370,5010,561,2877970,22448892400,4436540
068770,선우중공업,1260,-15,-1.18,1275,1275,1230,46825,58632030,21055860000,16711000
014620,성광벤드,36200,-1150,-3.08,37650,37700,35050,241798,8877056350,1035320000000,28600000
037350,성도이엔지,2495,110,4.61,2385,2575,2345,453206,1118622535,37425000000,15000000
053440,성우몰드,12900,-300,-2.27,13400,13400,12900,1787,23243750,10707000000,830000
081580,성우전자,9710,-290,-2.9,10000,10400,9700,141588,1400221310,35441500000,3650000
045300,성우테크론,2005,-30,-1.47,2005,2040,1975,18553,37183395,11941693785,5955957
015750,성우하이텍,8200,370,4.73,7890,8280,7890,709411,5774374190,246000000000,30000000
015200,성원파이프,1620,-50,-2.99,1650,1730,1620,1984752,3331469275,74096060580,45738309
080470,성창에어텍,3160,-125,-3.81,3300,3365,3150,318604,1041806555,16748000000,5300000
043260,성호전자,1340,-80,-5.63,1425,1425,1335,953519,1298907115,30322388320,22628648
047600,세계투어,2300,-45,-1.92,2320,2385,2220,218728,488764130,59256254700,25763589
053320,세고,1380,-40,-2.82,1405,1430,1375,928301,1295655495,235244244720,170466844
024940,세광알미늄,11550,50,0.43,11500,11550,11300,2380,27064450,11550000000,1000000
053060,세동,1785,25,1.42,1765,1820,1760,22889,41017275,10928127000,6122200
050600,세라온,395,-10,-2.47,390,420,375,3479240,1369637045,17367884165,43969327
017510,세명전기,2440,20,0.83,2430,2450,2355,480998,1152847900,37200240000,15246000
011560,세보엠이씨,4200,-40,-0.94,4245,4270,4110,156123,654455600,44226000000,10530000
084450,세실,12000,-500,-4,12500,12650,11950,176407,2160139400,147599940000,12299995
024830,세원물산,8500,-430,-4.82,8930,9060,8450,55210,478566780,70975000000,8350000
039310,세중나모여행,6290,150,2.44,6200,6460,6090,168815,1062272400,112950699940,17957186
053330,세지,225,5,2.27,225,225,215,942431,206520925,17188123275,76391659
067770,세진티에스,3180,-25,-0.78,3220,3265,3180,31091,99894615,26701165740,8396593
053450,세코닉스,5070,-30,-0.59,5150,5350,4950,43227,223193425,32333326740,6377382
009010,세화,13600,100,0.74,13400,13700,13200,6386,85643100,12807623200,941737
036490,소디프신소재,82600,600,0.73,82000,82600,80100,127417,10359339200,742175289800,8985173
053110,소리바다,1315,-25,-1.87,1360,1360,1305,1067600,1411052395,130694219285,99387239
035010,소예,2680,130,5.1,2550,2695,2530,163975,427034310,34840000000,13000000
037320,소프트랜드,935,-5,-0.53,940,955,920,261031,242890755,30099477925,32191955
052190,소프트맥스,2370,0,0,2420,2465,2275,27925,64925540,14575500000,6150000
054920,소프트포럼,2110,-90,-4.09,2250,2250,2080,97836,209357805,24982400000,11840000
066910,손오공,4165,-20,-0.48,4240,4240,4110,61122,254083235,41650000000,10000000
043100,솔고바이오,920,0,0,925,930,910,646164,591905610,41437756800,45041040
057500,솔믹스,10800,300,2.86,10850,11050,10450,333638,3589334450,134146789200,12420999
035610,솔본,3790,-80,-2.07,3910,3910,3790,68066,259676290,103641328630,27345997
084180,수성,2890,80,2.85,2900,2900,2800,19217,54781665,23698000000,8200000
058820,스카이뉴팜,3900,-45,-1.14,3985,4035,3850,68107,265597825,53049523800,13602442
017050,스타맥스,340,-5,-1.45,350,350,335,434659,146889255,20267635960,59610694
036260,스타엠,760,20,2.7,715,770,715,301287,221134535,18776371520,24705752
013810,스페코,2815,-85,-2.93,2920,2920,2790,64287,182414895,35049289130,12450902
039670,스포츠서울21,2450,-40,-1.61,2410,2510,2380,66807,163203080,62099804550,25346859
049830,승일,5840,0,0,5850,5850,5640,11776,67864950,23720024320,4061648
020710,시공테크,3175,90,2.92,3095,3190,3085,287592,904479865,62368176000,19643520
025320,시노펙스,8210,-1340,-14.03,9450,9470,8210,2267439,19571037630,114940000000,14000000
001000,신라섬유,6190,0,0,6350,6350,6010,672,4116100,20780708980,3357142
025870,신라수산,4065,-85,-2.05,4090,4240,4000,448697,1839000995,16260000000,4000000
073780,신명B&F,935,0,0,0,0,0,0,0,23940438445,25604747
031920,신민저축은행,3960,-15,-0.38,3880,4020,3880,2465,9697710,9504000000,2400000
065350,신성델타테크,6700,-170,-2.47,6820,7070,6630,158077,1081367710,80400000000,12000000
031440,신세계푸드,61500,1000,1.65,60500,61500,59000,1941,117021100,210858900000,3428600
086830,신양,4180,-140,-3.24,4300,4380,4045,51279,212803560,29343600000,7020000
017000,신원종합개발,1125,-15,-1.32,1145,1145,1125,242435,274130530,56632656375,50340139
012790,신일제약,5910,-180,-2.96,6090,6130,5820,89359,530256590,46689000000,7900000
078700,신지소프트,1915,60,3.23,1810,2020,1690,1020137,1871302530,27191801210,14199374
012860,신창전기,2285,80,3.63,2205,2300,2195,82138,183210425,42882156280,18766808
032040,신천개발,2520,-55,-2.14,2565,2610,2520,1134431,2879948510,90706661640,35994707
056700,신화인터텍,3900,-150,-3.7,4050,4050,3790,179947,705070275,71044104300,18216437
082930,실리콘화일,7020,-580,-7.63,7650,7670,6900,1155010,8429503320,43987039200,6265960
036710,심텍,5570,-130,-2.28,5700,5700,5550,229556,1284186150,151504000000,27200000
052640,싸이더스,530,0,0,530,535,515,640828,335815515,27044643900,51027630
033260,쌈지,1305,-220,-14.43,1610,1670,1305,4458832,6653936160,27318284055,20933551
012650,쌍용건설,18600,-400,-2.11,19000,19050,18450,75508,1416315700,553720288800,29769908
010280,쌍용정보통신,2350,-45,-1.88,2400,2430,2320,106132,251341565,95090479900,40464034
053050,썬텍,1895,105,5.87,1820,1930,1795,51322,95099900,9430533825,4976535
060670,썬트로닉스,1510,50,3.42,1460,1510,1420,164243,244571650,37456341240,24805524
037760,쎄니트,810,-30,-3.57,850,860,810,221357,181723180,30843187290,38078009
041550,쎄라텍,1530,-10,-0.65,1465,1550,1415,24722,36617710,17595000000,11500000
096630,쎄믹스,3420,25,0.74,3370,3470,3355,72217,245580325,16373250000,4787500
049960,쎌바이오텍,3245,-45,-1.37,3365,3430,3245,129148,427722690,30503000000,9400000
030390,쏠라엔텍,790,0,0,785,810,755,562628,437324150,23463861890,29701091
050890,쏠리테크,7950,290,3.79,7670,8000,7660,122492,962937090,67658475000,8510500
067290,쓰리쎄븐,5940,-150,-2.46,6060,6150,5720,166741,990113960,64220321880,10811502
073710,씨디네트웍스,12150,-200,-1.62,12350,12400,12100,78516,962042100,173745000000,14300000
081090,씨모텍,27250,300,1.11,27400,27400,26350,193353,5212585500,215275000000,7900000
066790,씨씨에스,9800,-180,-1.8,9980,9980,9600,1729,16745650,46138400000,4708000
086200,씨앤비텍,7050,140,2.03,6910,7100,6900,3866,27013250,36452941500,5170630
038880,씨앤에스,5180,-100,-1.89,5200,5310,5100,212275,1103128370,101489574760,19592582
060590,씨티씨바이오,7050,410,6.17,6780,7050,6640,318337,2189515990,57465029400,8151068
036170,씨티엘,250,0,0,0,0,0,0,0,15818406500,63273626
013990,아가방컴퍼니,2460,-85,-3.34,2810,2870,2460,852877,2305699810,68880000000,28000000
078670,아구스,5970,-350,-5.54,6310,6310,5800,96133,573267190,36823831620,6168146
050320,아남정보기술,1465,0,0,1490,1490,1415,151043,217333290,10884217500,7429500
072770,아로마소프트,3060,-40,-1.29,3150,3150,3050,23797,73258790,18545130000,6060500
058220,아리온,1870,40,2.19,1835,1900,1815,105787,196055425,10846000000,5800000
052710,아모텍,8290,-410,-4.71,8710,8750,8010,205678,1715895530,80280360000,9684000
083930,아바코,4910,-150,-2.96,5140,5250,4700,1575277,7902902020,40262000000,8200000
036010,아비코전자,4680,160,3.54,4520,4685,4520,39212,181511195,54667080000,11681000
032860,아이니츠,1770,0,0,0,0,0,0,0,26110411650,14751645
054800,아이디스,21900,0,0,21950,22200,21550,55245,1204851300,219438000000,10020000
078780,아이디에스,3305,-195,-5.57,3500,3505,3120,137950,456428345,43652982020,13208164
072430,아이레보,2970,0,0,2800,3040,2800,692,2010540,33191725050,11175665
033850,아이메카,660,-20,-2.94,690,695,645,916023,608536670,59237629440,89753984
033855,아이메카우,4640,290,6.67,4495,4700,4295,13076,59318505,526732800,113520
065180,아이젝,2010,160,8.65,1850,2100,1795,465434,933240060,35259665220,17542122
031310,아이즈비전,3325,25,0.76,3330,3385,3200,2873,9509325,52443808550,15772574
052460,아이크래프트,4180,10,0.24,4200,4340,4165,103273,434559425,33665586240,8053968
046940,아이티플러스,695,40,6.11,660,705,645,652984,444273965,13276776820,19103276
051820,아이피에스,3000,30,1.01,3000,3050,2970,18183,54578775,47132409000,15710803
032080,아즈텍WB,2265,45,2.03,2220,2265,2195,81716,182048385,32403271200,14306080
013780,아큐텍반도체,1890,40,2.16,1805,1925,1805,920,1720085,12167500590,6437831
030530,아토,2580,-20,-0.77,2630,2630,2555,534497,1384381610,85435693800,33114610
023890,아트라스BX,14850,-2450,-14.16,17300,17500,14750,848360,13308279300,135877500000,9150000
001540,안국약품,8350,-50,-0.6,8440,8440,8180,11804,97168580,96025000000,11500000
053800,안철수연구소,15050,150,1.01,15100,15600,15000,103921,1583182500,153639339700,10208594
025970,알덱스,1450,0,0,1460,1510,1440,1418856,2085978340,136681576200,94263156
096610,알에프세미,5160,-280,-5.15,5330,5490,5160,57817,302968610,27936136800,5413980
061040,알에프텍,2700,-120,-4.26,2820,2820,2670,72356,195856060,27438750000,10162500
032290,알티전자,13600,-150,-1.09,13800,13900,13400,188640,2570732350,276896000000,20360000
022220,애강,2350,5,0.21,2310,2485,2260,64293,152562820,45965459500,19559770
047370,액슬론,990,25,2.59,915,995,915,35420,34329620,14484866220,14631178
052790,액토즈소프트,8840,-20,-0.23,8900,8900,8670,11692,105177210,78804180000,8914500
047710,액티패스,11000,300,2.8,10750,11400,10450,829659,9084527150,95477910000,8679810
059720,야호,4440,0,0,4470,4470,4220,200860,873403890,47186544000,10627600
030960,양지사,18500,-300,-1.6,19500,19500,18500,7,131000,29563000000,1598000
049470,어드밴텍,1880,-95,-4.81,1990,1990,1850,435332,822540090,24495460000,13029500
042820,어울림 네트,395,-5,-1.25,395,400,390,232040,91542675,12485068755,31607769
038320,어울림정보,610,-25,-3.94,630,635,595,98630,60101480,4207054100,6896810
045260,에너랜드,495,45,10,450,505,445,1602196,768414150,26979805710,54504658
035290,에듀박스,1285,-55,-4.1,1340,1350,1280,1420606,1846225985,66380631515,51658079
031950,에듀패스,765,35,4.79,730,780,730,1287959,970364910,33786283140,44165076
025980,에머슨퍼시픽,8230,-230,-2.72,8400,8530,8180,5253,43275990,86956031970,10565739
041440,에버다임,7620,200,2.7,7410,7900,7360,118353,900649590,102012750000,13387500
020070,에버리소스,1750,0,0,0,0,0,0,0,79271169250,45297811
020075,에버리소스우,16950,0,0,0,0,0,0,0,678000000,40000
070480,에버테크노,3600,5,0.14,3610,3630,3400,46091,162986975,29971440000,8325400
038680,에스넷,1525,-10,-0.65,1555,1565,1500,82522,125856245,24514702875,16075215
066930,에스디,18800,50,0.27,18700,18900,18200,153660,2862926050,150400000000,8000000
097780,에스맥,10100,-1150,-10.22,11350,11500,9750,506239,5413883480,62074206100,6145961
037630,에스비엠,1505,-20,-1.31,1525,1570,1500,65846,99686665,20837695725,13845645
042110,에스씨디,4070,20,0.49,4100,4400,3935,14901,61568480,91312130910,22435413
042870,에스앤이코프,6200,-180,-2.82,6300,6550,6190,75579,474578550,56845946200,9168701
095910,에스에너지,32300,-700,-2.12,33250,33250,32100,121241,3934402550,142452851500,4410305
031330,에스에이엠티,4770,-65,-1.34,4850,4890,4745,96497,463134150,47700000000,10000000
060540,에스에이티,2840,25,0.89,2850,2850,2775,2586,7256005,17044177640,6001471
056190,에스에프에이,73800,-1000,-1.34,75000,75300,73500,59159,4401023400,672318000000,9110000
080000,에스엔유,14950,-50,-0.33,15300,15500,14100,98030,1474509800,67083819400,4487212
041510,에스엠,1920,30,1.59,1910,1920,1865,83728,158950970,30869836800,16078040
066410,에스엠픽쳐스,1500,130,9.49,1365,1520,1365,361750,532614575,22761300000,15174200
032790,에스인포텍,1675,-30,-1.76,1700,1725,1675,50097,84451160,25934393500,15483220
069510,에스텍,4125,90,2.23,4060,4140,4020,23298,95582920,45003750000,10910000
041910,에스텍파마,3150,-35,-1.1,3155,3230,3115,38298,120750210,25491334050,8092487
026220,에스티씨라이프,1360,0,0,1360,1395,1340,59117,80242395,89390467600,65728285
039440,에스티아이,3295,55,1.7,3420,3420,3240,35496,116529725,39641057650,12030670
052020,에스티큐브,11150,-750,-6.3,12150,12150,10700,576866,6528539300,80837500000,7250000
050760,에스폴리텍,270,-5,-1.82,275,280,270,227026,61996230,19267354170,71360571
058610,에스피지,2710,-170,-5.9,2850,2850,2680,18282,50111795,34525400000,12740000
048130,에스피코프,1570,-30,-1.88,1600,1625,1395,1518928,2302320260,12403081640,7900052
043340,에쎈테크,1715,25,1.48,1685,1730,1680,45577,77261495,16292500000,9500000
066700,에쎌텍,2490,35,1.43,2470,2570,2350,61402,151299575,28585458960,11480104
054630,에이디칩스,5110,-80,-1.54,5250,5250,5040,36957,188419700,43418239200,8496720
079950,에이디피,3390,-15,-0.44,3380,3430,3320,107445,362004005,65088000000,19200000
074430,에이로직스,9670,90,0.94,9790,9790,9400,25682,246955910,79887679980,8261394
078520,에이블씨엔씨,2870,25,0.88,2865,2990,2800,24194,69159995,20552070000,7161000
036550,에이스디지텍,21300,0,0,21500,21600,20900,171447,3634090950,489945369000,23002130
088800,에이스안테나,8550,130,1.54,8500,8550,8410,18302,155423350,42750000000,5000000
038690,에이스일렉,1460,-115,-7.3,1555,1555,1455,2259815,3365241345,59441597580,40713423
003800,에이스침대,57300,1100,1.96,56000,61000,56000,290,16426600,127091400000,2218000
032930,에이스테크,3675,-5,-0.14,3700,3700,3610,2473,9031985,44100000000,12000000
058370,에이에스이,12150,-550,-4.33,11900,12650,11450,118315,1418343000,51331441500,4224810
044770,에이엠에스,395,0,0,395,400,385,351592,138753315,22210663165,56229527
044775,에이엠에스우,47000,3050,6.94,43950,49300,43950,1180,55238300,615700000,13100
088960,에이치앤티,5060,-440,-8,5500,5530,4815,691090,3557741690,81663380480,16139008
045660,에이텍,1705,15,0.89,1680,1715,1675,109774,186171525,19505200000,11440000
043580,에임하이,1795,-10,-0.55,1850,1865,1785,8757271,16048143855,148742222660,82864748
052510,에코솔루션,2700,-115,-4.09,2780,2810,2700,85717,233819650,36484209000,13512670
038870,에코에너지,4620,200,4.52,4420,4670,4370,138916,632912690,85879563000,18588650
086520,에코프로,11600,400,3.57,11400,11600,11200,146949,1672939700,79216469600,6829006
038110,에코플라스틱,2305,-25,-1.07,2315,2335,2280,105979,244615630,43795000000,19000000
073540,에프알텍,3020,120,4.14,2905,3045,2880,76846,229716275,17214000000,5700000
036810,에프에스티,1960,60,3.16,1915,1970,1900,184785,358249110,27358716840,13958529
068630,에피밸리,7950,300,3.92,7650,7950,7620,322659,2453016950,156276894450,19657471
054940,엑사이엔씨,8070,370,4.81,7710,8150,7620,123824,981567250,158047834980,19584614
081500,엑스씨이,2315,-145,-5.89,2480,2665,2315,28328,68858535,15958598345,6893563
048460,엑큐리스,630,0,0,630,685,605,2101375,1338961850,15006587400,23819980
032980,엔디코프,8020,-620,-7.18,8650,8660,7880,74629,610986570,65313348180,8143809
032030,엔블루,280,5,1.82,280,295,270,1366193,383522050,14464145080,51657661
054170,엔빅스,1380,-70,-4.83,1450,1460,1370,171824,240678505,17626174200,12772590
036920,엔이씨,275,0,0,275,285,270,218356,60916870,8775877825,31912283
019260,엔케이바이오,1070,30,2.88,1040,1070,1000,1769863,1834296270,62919257080,58803044
068420,엔터기술,11500,250,2.22,11250,11500,11200,102540,1165276150,83950000000,7300000
069410,엔텔스,6240,-260,-4,6500,6500,6200,18252,114842370,20592000000,3300000
048830,엔피케이,1545,-5,-0.32,1565,1575,1525,20122,31032750,14145207330,9155474
046720,엔하이테크,5250,-20,-0.38,5270,5460,5100,323233,1704878590,51897079500,9885158
096870,엘디티,5700,-240,-4.04,6050,6190,5700,566224,3329681310,35682000000,6260000
046240,엘림에듀,3700,150,4.23,3550,3735,3515,648884,2376360925,107577255800,29074934
066970,엘앤에프,19800,100,0.51,19850,20300,19600,108239,2154748250,182971800000,9241000
061140,엘앤피아너스,1275,-25,-1.92,1305,1320,1260,1512720,1935546970,87579776775,68690021
083310,엘오티베큠,3300,-35,-1.05,3310,3365,3270,116281,383672485,33660000000,10200000
073110,엘지에스,8290,90,1.1,8150,8400,8070,43004,353915380,73447062220,8859718
056200,엠넷미디어,2745,-100,-3.51,2860,2860,2710,128916,358796535,132965093430,48439014
019590,엠벤처투자,910,-50,-5.21,975,975,910,22438,20604225,54678924300,60086730
024840,엠비성산,2675,-25,-0.93,2670,2920,2490,706483,1885861525,76108861925,28451911
065420,엠아이,605,0,0,630,630,580,1962896,1176308120,41487317795,68574079
009780,엠에스씨,14950,-50,-0.33,14950,14950,14950,6,89700,13156000000,880000
080440,엠에이티,880,5,0.57,920,920,860,27825,24318475,15652819600,17787295
048640,엠엔에프씨,1775,125,7.58,1710,1785,1620,168270,283907285,36606531450,20623398
033160,엠케이전자,3985,25,0.63,4000,4090,3980,102569,410536390,76549263735,19209351
074000,엠텍비젼,11200,-400,-3.45,11600,11600,10950,56781,636284200,84163195200,7514571
050540,엠피씨,5490,-140,-2.49,5690,5690,5430,44158,243481690,68306283540,12441946
066200,엠피오,1740,45,2.65,1695,1755,1645,1098308,1871864680,100309011180,57648857
090740,연이정보통신,2300,-10,-0.43,2285,2360,2285,82201,189402680,34500000000,15000000
002680,영남제분,2030,-90,-4.25,2145,2160,1990,310634,644756235,42224000000,20800000
007530,영신금속,4165,415,11.07,3730,4245,3720,206469,848092610,26210211720,6292968
015050,영실업,1860,135,7.83,1770,1945,1690,266773,491882310,24388587840,13112144
051390,영우통신,4540,0,0,4595,4595,4480,83907,379459810,51553370720,11355368
036180,영인프런티어,6040,-160,-2.58,6290,6290,5900,55838,336667930,66178383440,10956686
036560,영풍정밀,9970,-20,-0.2,9920,9980,9620,3490,34454790,157027500000,15750000
049000,예당,3085,40,1.31,3060,3090,3015,832912,2540028450,143652056310,46564686
052770,예당온라인,11900,-200,-1.65,12050,12150,11700,89281,1063345300,184950942400,15542096
053280,예스이십사,7670,-320,-4.01,8120,8170,7670,1156251,9096768070,131924000000,17200000
067850,옐로우엔터,1070,-20,-1.83,1125,1125,1050,143254,152348045,30768611840,28755712
045060,오공,1600,10,0.63,1595,1605,1575,39422,62786945,12931200000,8082000
046110,오늘과내일,2850,-90,-3.06,2920,2975,2850,56082,161796290,31822615500,11165830
041320,오디코프,1785,35,2,1750,1915,1735,950470,1758469945,90508333965,50704949
080520,오디텍,9040,370,4.27,8720,9040,8610,78424,693933500,40555718080,4486252
039830,오로라,3310,45,1.38,3340,3340,3230,396,1298315,35625165900,10762890
014940,오리엔탈정공,10950,-150,-1.35,10950,11200,10900,153565,1689636350,235832438550,21537209
010470,오리콤,11150,0,0,11150,11250,10950,872,9674800,23462945000,2104300
052420,오성엘에스티,11300,-900,-7.38,12000,12750,10550,616969,7405617250,193885027100,17157967
039200,오스코텍,6280,0,0,6450,6450,6170,20346,126738610,41231208120,6565479
031510,오스템,2460,-30,-1.2,2520,2550,2460,213313,533411840,63960000000,26000000
048260,오스템임플란트,24850,450,1.84,24600,25250,24600,179105,4455419400,352919700000,14202000
068270,오알켐,3180,190,6.35,2945,3180,2945,99817,307198205,19080000000,6000000
084810,오엘케이,1325,25,1.92,1320,1350,1285,605177,803698600,50173926050,37867114
067170,오텍,5050,-100,-1.94,5190,5190,4990,25823,130068950,39574931000,7836620
053470,오페스,1255,-5,-0.4,1275,1300,1190,697596,867124945,66349867100,52868420
049480,오픈베이스,1055,-10,-0.94,1065,1085,1055,216035,230930395,32607289065,30907383
036630,온세텔레콤,870,-10,-1.14,890,900,865,414235,364483945,129092036370,148381651
074150,온타임텍,7200,0,0,7200,7270,7120,13489,97124050,43538400000,6047000
052970,올리브나인,1535,-25,-1.6,1560,1600,1535,1121877,1753462795,72877503535,47477201
057540,옴니시스템,4150,50,1.22,4145,4195,4020,68591,281458565,23489000000,5660000
057680,옴니텔,2320,-115,-4.72,2445,2525,2320,256446,608983310,24134897360,10402973
010170,옵토매직,5170,10,0.19,5070,5380,5070,1954,10167000,76551874630,14806939
067900,와이엔텍,6210,10,0.16,6160,6210,5900,89191,541555710,82009260000,13206000
019210,와이지-원,5590,-10,-0.18,5610,5690,5500,158255,887822440,120817955700,21613230
079000,와토스코리아,10500,1360,14.88,9590,10500,9550,424405,4424730420,36750000000,3500000
089230,용현BM,23650,450,1.94,23400,23800,23000,28617,670491550,159556144000,6746560
025920,우경철강,26800,-1450,-5.13,28250,29000,26700,38561,1059023000,27336000000,1020000
032820,우리기술,1585,5,0.32,1575,1665,1560,513480,822774105,31603787330,19939298
041190,우리기술투자,655,-10,-1.5,665,670,650,897558,591190290,55020000000,84000000
072470,우리산업,1890,-20,-1.05,1925,1930,1860,107614,203381525,20737080000,10972000
082850,우리이티아이,9030,-410,-4.34,9440,9550,8970,332227,3025280270,172156354020,19064934
037400,우리조명,4000,-205,-4.88,4205,4245,3980,128527,526415740,50400000000,12600000
011080,우성I&C,1770,-110,-5.85,1870,1870,1750,285504,509824965,20709000000,11700000
066590,우수AMS,1200,20,1.69,1180,1200,1165,86410,102502670,18192720000,15160600
060550,우수씨엔에스,755,-20,-2.58,770,770,735,328846,246291270,9820036605,13006671
065680,우주일렉트로,14700,750,5.38,14200,15400,14150,275140,4098494150,131403123600,8938988
004320,울트라건설,13900,-50,-0.36,14000,14300,13900,134769,1892666550,92874670900,6681631
004325,울트라건설우,4930,0,0,4980,4980,4815,7274,35240075,6902000000,1400000
043680,워크원더스,970,125,14.79,855,970,855,285509,271469245,14348680380,14792454
032940,원익,4740,-5,-0.11,4705,4770,4670,28177,132907800,42605490000,8988500
074600,원익쿼츠,4750,-30,-0.63,4805,4810,4700,54046,255764300,60173000000,12668000
012620,원일특강,5450,-250,-4.39,5890,5890,5440,139798,788662260,23980000000,4400000
008370,원풍,1970,-50,-2.48,2030,2040,1970,70773,141294475,23640000000,12000000
008290,원풍물산,3280,10,0.31,3295,3300,3100,20528,64671980,21838240000,6658000
036000,웨스텍코리아,1840,40,2.22,1795,1895,1790,67114,124227030,17052512800,9267670
095270,웨이브일렉트로,3410,60,1.79,3350,3520,3350,62983,216147470,33989175000,9967500
065950,웰크론,1570,25,1.62,1550,1600,1540,105877,165624095,22887976530,14578329
069080,웹젠,9980,480,5.05,9670,9980,9520,52649,515811640,129480520000,12974000
030350,위고글로벌,815,5,0.62,800,815,795,77095,61991725,12170777235,14933469
044340,위닉스,4725,220,4.88,4460,4870,4450,45623,213594630,50614200000,10712000
056810,위다스,2910,-50,-1.69,2990,2990,2870,83138,243271145,55714860000,19146000
046430,위디츠,1720,45,2.69,1690,1750,1650,1055035,1793568120,56237665240,32696317
069920,위즈위드,2790,-40,-1.41,2870,2870,2730,28387,78436930,33371876340,11961246
038620,위즈정보기술,1425,-40,-2.73,1465,1475,1390,599210,853522500,33947604000,23822880
036090,위지트,1500,155,11.52,1345,1535,1315,319550,457799105,13522617000,9015078
050640,위트콤,2700,-10,-0.37,2645,2795,2510,10581,27056605,16785983700,6217031
052290,윈드스카이,635,80,14.41,565,635,550,2909876,1785840880,39852020245,62759087
083640,윈포넷,4420,20,0.45,4430,4445,4300,26619,116155925,22542000000,5100000
044480,유니더스,1590,-25,-1.55,1590,1620,1530,18214,28681170,13674000000,8600000
036200,유니셈,2615,-165,-5.94,2760,2770,2610,205521,545736790,28606334875,10939325
018000,유니슨,17800,0,0,17650,17950,17100,507652,8838391550,410473696000,23060320
034010,유니와이드,955,-15,-1.55,980,1055,930,304496,301589485,14853592500,15553500
011320,유니크,1370,85,6.61,1285,1400,1285,128612,174653170,23280175730,16992829
086390,유니테스트,3830,-70,-1.79,3855,3855,3660,20510,76467825,32907796620,8592114
039040,유니텍전자,1525,-40,-2.56,1560,1570,1525,56261,86576905,10907304775,7152331
061050,유라시아알앤티,2360,250,11.85,2105,2425,1795,2462079,5072567955,63338843480,26838493
048430,유라테크,1970,55,2.87,2020,2200,1970,1649640,3424084545,22694400000,11520000
043220,유비컴,3995,-5,-0.13,4010,4010,3920,14042,55381970,44831023085,11221783
054010,유비트론,1400,-10,-0.71,1390,1450,1350,291191,406751815,18393946200,13138533
053810,유비프리시젼,3725,-75,-1.97,3800,3940,3620,17593,65998085,44707822500,12002100
024800,유성티엔에스,5340,240,4.71,5280,5420,5210,14890,79306510,40050000000,7500000
054930,유신,23350,-650,-2.71,24400,24400,23350,11098,262837400,70050000000,3000000
069330,유아이디,3170,50,1.6,3040,3170,3000,2992,9260345,15406200000,4860000
050050,유아이에너지,5290,-180,-3.29,5500,5510,5210,590717,3149481870,193141740540,36510726
049520,유아이엘,7550,130,1.75,7530,7630,7390,66582,501257370,86013148500,11392470
036500,유원컴텍,7200,-90,-1.23,7290,7300,7100,16081,115197810,68889600000,9568000
023410,유진기업,9200,-60,-0.65,9450,9650,9150,495364,4668220900,399305750800,43402799
052810,유진데이타,1535,-10,-0.65,1555,1555,1500,31238,47251050,18561987500,12092500
056080,유진로봇,3020,-60,-1.95,3060,3095,3020,258135,788988575,47112000000,15600000
084370,유진테크,5250,-170,-3.14,5350,5440,5250,43908,232954520,42110706750,8021087
045880,유티엑스,2500,5,0.2,2415,2545,2415,31,78270,16603682500,6641473
044960,이-글 벳,2820,20,0.71,2815,2830,2760,46636,130250805,20007900000,7095000
039020,이건창호,6730,-170,-2.46,6840,6890,6690,140120,944292860,81922607500,12172750
037020,이너렉스,550,0,0,560,560,520,392260,208976035,13620808300,24765106
042340,이네트,1270,30,2.42,1240,1290,1240,1809063,2288522415,84913142340,66860742
028300,이노GDN,1380,75,5.75,1305,1385,1250,144662,194058995,31260291300,22652385
028305,이노GDN우,26000,50,0.19,26500,26800,25100,1694,44045200,693316000,26666
070080,이노메탈로봇,1575,-5,-0.32,1590,1625,1555,69036,108339820,25657121700,16290236
056850,이노비츠,400,50,14.29,365,400,345,8087450,3080047215,15296647200,38241618
031390,이노셀,1840,-65,-3.41,1910,1925,1835,328976,616169380,56731001440,30832066
073490,이노와이어,9070,170,1.91,8900,9130,8900,19717,177812130,54238600000,5980000
080420,이노칩,7710,30,0.39,7600,7710,7500,71919,550716530,80043539220,10381782
088390,이녹스,2950,30,1.03,3040,3040,2890,5205,15447840,19986250000,6775000
035600,이니시스,5130,-20,-0.39,5120,5180,5070,49831,255493710,65847961800,12835860
053350,이니텍,2990,-20,-0.66,3005,3040,2965,53300,159532690,39309829000,13147100
033110,이디,1315,15,1.15,1325,1420,1305,129889,176488070,13689150000,10410000
041520,이라이콤,5000,10,0.2,4990,5070,4965,8819,44126135,48750000000,9750000
054210,이랜텍,2775,-30,-1.07,2800,2800,2700,21402,58345410,30858000000,11120000
041030,이루넷,2980,-40,-1.32,3000,3000,2945,18215,54106125,38552260000,12937000
065440,이루온,2150,-10,-0.46,2170,2190,2120,41316,88887495,20764915000,9658100
080010,이상네트웍스,32900,2400,7.87,30350,32950,28000,56213,1650196950,203507062500,6185625
032620,이수유비케어,2300,-45,-1.92,2345,2375,2300,690684,1609266580,77215735700,33572059
067010,이씨에스,3815,55,1.46,3790,4025,3790,131527,512536250,28612500000,7500000
065160,이앤이시스템,4840,135,2.87,4850,5270,4750,229855,1145463645,123249656200,25464805
047450,이앤텍,1395,-45,-3.13,1460,1460,1390,208684,296164335,26864910000,19258000
094190,이엘케이,4705,-65,-1.36,4805,4850,4600,534252,2514095255,41555806825,8832265
095190,이엠코리아,7500,100,1.35,7570,7570,7410,68345,512658470,53025000000,7070000
091120,이엠텍,5920,170,2.96,5770,5950,5750,38876,226409470,25041600000,4230000
039030,이오테크닉스,14850,-400,-2.62,15300,15500,14800,29250,440161200,160087217400,10780284
033600,이젠텍,1210,15,1.26,1205,1220,1195,14046,17000525,13915000000,11500000
035810,이지바이오,3350,-120,-3.46,3480,3510,3350,1152170,3919399905,131547900500,39268030
038720,이지에스,2650,-300,-10.17,2860,2880,2645,540209,1471235945,12116133900,4572126
058530,이큐스팜,2980,70,2.41,2965,3085,2930,342308,1028026160,40921970900,13732205
016250,이테크건설,85700,200,0.23,86000,86600,84100,6055,515404000,239960000000,2800000
078020,이트레이드,16600,-400,-2.35,16950,17150,16600,159540,2688649750,226689600000,13656000
066430,이티맥스,90,0,0,0,0,0,0,0,6546186000,72735400
001840,이화공영,20600,-300,-1.44,21200,21200,20400,118589,2442616950,128544000000,6240000
024810,이화전기,790,-20,-2.47,815,825,785,4876827,3889335340,60071028830,76039277
041450,인네트,2715,-475,-14.89,3150,3175,2715,9536455,27647291755,43902212460,16170244
037700,인디시스템,385,0,0,0,0,0,0,0,28323244950,73566870
039060,인바이오넷,2695,75,2.86,2605,2740,2560,90211,239051895,29609372100,10986780
060150,인선이엔티,4620,-30,-0.65,4650,4700,4590,106280,491665505,157657500000,34125000
033230,인성정보,2375,-45,-1.86,2415,2420,2300,249799,586716200,40046252500,16861580
073130,인스프리트,2470,130,5.56,2340,2470,2260,143717,340276275,40209912990,16279317
041630,인젠,635,55,9.48,600,645,585,1818120,1115886125,11687521075,18405545
037330,인지디스플레,1770,-25,-1.39,1800,1835,1760,99285,177329265,62527087260,35326038
060300,인크루트,2930,-180,-5.79,2800,3200,2800,1844,5458810,20080497160,6853412
049070,인탑스,25650,0,0,25700,26000,24650,138395,3496426800,220590000000,8600000
017250,인터엠,1860,0,0,1870,1900,1850,22784,42504475,34719998760,18666666
035080,인터파크,5460,210,4,5300,5790,5240,4475689,24630806970,296380227780,54282093
051370,인터플렉스,3600,-130,-3.49,3700,3700,3560,151315,545089505,44280000000,12300000
070590,인티큐브,1815,235,14.87,1650,1815,1650,1117142,2016964440,24925033815,13732801
039290,인포뱅크,4040,20,0.5,4050,4050,3800,18022,70989050,34931569120,8646428
036220,인포피아,43600,-100,-0.23,44900,45700,43400,81258,3605453700,218000000000,5000000
041020,인프라웨어,17250,-350,-1.99,17750,17850,17150,79950,1390890150,132755137500,7695950
045470,인피트론,790,0,0,0,0,0,0,0,13512436500,17104350
068330,일신랩,5850,-20,-0.34,5960,5980,5710,27649,161191340,20401875000,3487500
058450,일야하이텍,1650,40,2.48,1605,1670,1605,111301,182434015,16137000000,9780000
019540,일지테크,1585,-65,-3.94,1650,1650,1570,44059,70477460,21418897500,13513500
094820,일진정공,11350,250,2.25,11350,11500,11000,133756,1502060450,65830000000,5800000
049550,잉크테크,6040,-50,-0.82,6200,6200,5910,4298,25770080,46695240000,7731000
036790,자강,190,0,0,0,0,0,0,0,16032023110,84379069
043910,자연과환경,1905,-20,-1.04,1970,1970,1850,332391,626261760,36555090720,19189024
043630,자원메디칼,2540,5,0.2,2510,2700,2490,56722,145504520,16256000000,6400000
046840,자유투어,3580,-30,-0.83,3610,3670,3370,136583,473902260,40869280000,11416000
053980,자이엘정보,2090,-5,-0.24,2095,2095,2040,62879,129229375,13959110000,6679000
052650,자티전자,1115,0,0,1135,1135,1110,75534,84257890,13906280000,12472000
090120,잘만테크,13000,0,0,12850,13000,12650,11251,143903100,55510000000,4270000
049630,재영솔루텍,2080,-160,-7.14,2240,2240,2030,64728,136515025,47820138080,22990451
065530,전파기지국,9450,50,0.53,9330,9450,9300,10771,101225040,49952700000,5286000
040420,정상제이엘에스,5680,120,2.16,5520,5700,5500,1929,10904940,96318895360,16957552
045510,정원엔시스템,1155,20,1.76,1120,1155,1120,74547,85027535,25238999940,21851948
045290,제강,800,55,7.38,750,855,740,2834217,2325769635,50284372000,62855465
073930,제너시스템즈,5780,-170,-2.86,5850,5960,5700,168645,975144120,50726031400,8776130
034660,제넥셀,1205,-5,-0.41,1205,1230,1200,568812,688414560,64224317745,53298189
033100,제룡산업,2770,-100,-3.48,2915,2915,2735,987412,2756144650,45790316000,16530800
079370,제우스,5480,-110,-1.97,5510,5570,5450,6273,34465990,51731200000,9440000
054950,제이브이엠,39200,850,2.22,38700,39800,38700,19823,777674200,248171593600,6330908
033320,제이씨현,2160,80,3.85,2110,2180,2075,156005,334508220,41131653120,19042432
033050,제이엠아이,2750,-60,-2.14,2820,2820,2750,361551,1004746630,89593190500,32579342
094970,제이엠텔레콤,4300,195,4.75,4070,4450,4060,106119,450090475,30676200000,7134000
060750,제이콤,3130,-235,-6.98,3385,3420,3000,1779178,5584200700,87269927580,27881766
035900,제이튠엔터,1280,-50,-3.76,1320,1330,1250,425763,547949245,54225511680,42363681
089790,제이티,2545,-55,-2.12,2610,2640,2500,41991,108184645,14433738450,5671410
052670,제일바이오,2300,45,2,2270,2325,2205,187494,425356775,22080000000,9600000
023440,제일제강,2140,10,0.47,2130,2295,2110,362093,795562180,21400000000,10000000
026540,제일창투,345,5,1.47,340,345,335,304559,103770245,23460000000,68000000
038010,제일테크노스,22050,850,4.01,21250,23450,21250,5918,132980600,19845000000,900000
083660,젠트로,5810,750,14.82,5250,5810,5190,432766,2473033240,45236660000,7786000
090470,젯텍,7050,280,4.14,6780,7180,6780,18668,130918010,25380000000,3600000
044060,조광ILI,4090,0,0,4090,4130,4010,45543,185835205,29589677600,7234640
034940,조아제약,3850,0,0,3890,3905,3795,657317,2513025805,102858548100,26716506
033340,좋은사람들,2930,25,0.86,2925,3040,2915,114484,340063490,33988000000,11600000
036930,주성엔지니어링,21350,1200,5.96,20150,21350,20150,2025449,42353735900,693896029750,32500985
030030,중앙디자인,1650,25,1.54,1635,1670,1635,366271,604953175,43164204600,26160124
015170,중앙바이오텍,3810,10,0.26,3780,3875,3710,147485,555932135,39908988000,10474800
072020,중앙백신,9930,370,3.87,9600,9930,9560,225546,2196012490,72687600000,7320000
000440,중앙에너비스,47000,150,0.32,46850,47450,45700,4476,205417750,29267511000,622713
051160,지어소프트,5690,-10,-0.18,5850,5920,5600,132289,761681640,35458373000,6231700
065060,지엔코,520,-90,-14.75,590,600,520,2253156,1229201245,30653027600,58948130
065410,지엔텍홀딩스,14400,450,3.23,14300,16000,14250,454010,7002842650,218880000000,15200000
018290,지엠피,585,-15,-2.5,600,605,580,881719,519007295,34004715615,58127719
033030,지오엠씨,5270,30,0.57,5220,5430,5210,78363,414485830,164708648510,31254013
074140,지오텔,3040,50,1.67,3000,3095,2950,233710,712641550,42332030400,13925010
038920,지이엔에프,855,-40,-4.47,930,955,785,40879531,35589217785,51731426160,60504592
018120,진로발효,13800,200,1.47,13700,13850,13550,16630,227710650,188299620000,13644900
086060,진바이오텍,4025,525,15,3600,4025,3580,380836,1495266120,24673250000,6130000
036890,진성티이씨,17300,-150,-0.86,17400,18000,17050,102785,1802622700,276800000000,16000000
007370,진양제약,2570,45,1.78,2550,2600,2460,20431,51960515,30840000000,12000000
082660,참테크,2305,-35,-1.5,2300,2330,2250,16159,36723140,14562990000,6318000
013720,청보산업,1910,70,3.8,1835,1950,1835,156751,297244715,11540277300,6042030
094850,첼로스포츠,3190,10,0.31,3180,3230,3145,51820,165412365,21008753040,6585816
047820,초록뱀,470,0,0,470,480,460,741608,348051730,32482175640,69111012
016920,카스,1780,-190,-9.64,1960,1970,1780,337696,622186385,28789919360,16174112
082270,카엘,4160,-55,-1.3,4075,4200,4075,3856,15860045,29107366080,6996963
015390,카이시스,220,0,0,0,0,0,0,0,11275922020,51254191
078340,컴투스,9070,-100,-1.09,9270,9450,9070,92757,858678410,91486786220,10086746
062730,케너텍,19400,-100,-0.51,19650,19700,18950,144584,2783197200,277059334600,14281409
063440,케이디미디어,5320,160,3.1,5170,5320,5040,42158,217496380,53200000000,10000000
029480,케이디씨,1925,60,3.22,1845,1930,1815,773882,1449092730,108018912925,56113721
032570,케이디이컴,195,0,0,0,0,0,0,0,5455988655,27979429
052400,케이비티,6140,-270,-4.21,6330,6420,6140,25421,159388990,36523673340,5948481
025880,케이씨피드,19700,700,3.68,19900,19900,18700,102,1916100,21867000000,1110000
035950,케이알,2790,-110,-3.79,2880,2980,2790,585387,1680370535,79710629220,28570118
038830,케이앤웨이브,385,-15,-3.75,410,415,385,1416860,555772290,18037965330,46851858
053590,케이앤컴퍼니,12750,-850,-6.25,13200,14000,12150,506985,6476771200,59831325750,4692653
053595,케이앤컴퍼니우,29300,-450,-1.51,27650,30700,27650,3809,111961850,1132913800,38666
066340,케이에스알,2475,-70,-2.75,2550,2580,2385,326973,806499960,151091634375,61047125
073010,케이에스피,3550,100,2.9,3550,3645,3435,353789,1252870030,41944474750,11815345
083550,케이엠,2300,40,1.77,2260,2315,2250,12352,28243515,17020000000,7400000
032500,케이엠더블유,19500,-350,-1.76,19900,20150,18650,246455,4697715050,313950000000,16100000
077960,케이이엔지,1580,-35,-2.17,1615,1830,1560,1563864,2610926145,30261664160,19152952
064820,케이프,18000,500,2.86,17650,18400,17600,74761,1345952750,162000000000,9000000
024880,케이피에프,6950,50,0.72,6900,7030,6830,111336,774085930,77769040500,11189790
042040,케이피엠테크,2155,-35,-1.6,2145,2185,2100,27195,57787425,24998000000,11600000
054410,케이피티,3590,30,0.84,3555,3710,3555,38171,138900870,18165400000,5060000
089010,켐트로닉스,11000,100,0.92,11100,11150,10700,17061,186360600,45955250000,4177750
094860,코닉글로리,13700,-50,-0.36,13200,13700,11750,259974,3272087500,118098151100,8620303
054620,코닉시스템,6450,450,7.5,6100,6450,5970,722889,4496522590,63009714600,9768948
046070,코다코,4170,180,4.51,3930,4170,3880,111283,443218475,36271006110,8698083
068760,코디너스,10550,50,0.48,10250,10800,10100,55089,575929500,72885308000,6908560
041800,코디콤,1195,15,1.27,1220,1255,1140,3602498,4310997490,37779198440,31614392
046210,코람파나진,6800,260,3.98,6540,7030,6450,91765,624853660,150767308400,22171663
008340,코레스,1985,35,1.79,1940,2005,1940,65629,129959815,8960419025,4514065
027050,코리아나,1400,0,0,1410,1415,1385,89110,124445135,56000000000,40000000
036690,코맥스,2550,50,2,2470,2585,2455,152135,381937910,33681611250,13208475
049430,코메론,3475,-30,-0.86,3530,3550,3470,22917,79886540,31441800000,9048000
059090,코미코,4085,-50,-1.21,4195,4195,4025,115739,473341125,61349571675,15018255
041960,코미팜,85000,-3100,-3.52,88100,88300,84100,34963,2992316800,850000000000,10000000
043090,코바이오텍,8810,130,1.5,8700,8890,8520,11009,95881940,29777800000,3380000
053170,코스모스피엘씨,2335,5,0.21,2355,2415,2210,16622,38497620,25572840610,10951966
017160,코스프,455,10,2.25,445,485,440,560473,257406360,19333119715,42490373
048870,코아로직,7660,-200,-2.54,7800,7920,7550,87899,671724680,72530701600,9468760
052350,코아브리드,3080,-145,-4.5,3250,3350,3050,13109,41457010,7130264680,2315021
039990,코아정보,790,20,2.6,770,835,705,886060,695472360,21044066610,26638059
038530,코아크로스,2010,95,4.96,1935,2050,1920,90628,180311670,37870769790,18841179
052210,코어세스,1100,-190,-14.73,1305,1310,1100,1541250,1838385110,29792526500,27084115
029960,코엔텍,1320,-10,-0.75,1345,1355,1280,1663346,2186933800,66000000000,50000000
022520,코오롱아이넷,1760,-15,-0.85,1785,1810,1720,1422846,2500045600,102433936000,58201100
056000,코원,3045,-5,-0.16,3040,3050,2950,36839,110066845,32831190000,10782000
900020,코웰이홀딩스,1110,-190,-14.62,1275,1280,1110,2170646,2542035095,33300000000,30000000
056360,코위버,4840,-150,-3.01,5020,5020,4830,128081,626348220,47416512000,9796800
039530,코코,1340,-5,-0.37,1315,1345,1295,116449,152494730,38133184000,28457600
015710,코콤,1595,-10,-0.62,1605,1620,1585,10080,16055465,27961147500,17530500
052330,코텍,8300,-230,-2.7,8590,8850,8300,378135,3251450480,103490990200,12468794
050110,쿠스코엘비이,7780,-120,-1.52,8000,8000,7620,118608,920005230,265140781760,34079792
056020,쿨투,1230,10,0.82,1225,1235,1140,366498,434728070,20477231880,16648156
060280,큐렉소,6350,60,0.95,6170,6350,6170,30460,190037440,116196833900,18298714
040350,큐로컴,260,5,1.96,255,265,250,2856630,739570545,64424376640,247786064
051780,큐로홀딩스,650,-5,-0.76,660,660,640,278994,180675430,31860303150,49015851
045050,큐리어스,320,40,14.29,280,320,270,6467674,2003362345,26177437760,81804493
035210,큐릭스,7600,-100,-1.3,8150,8150,7600,7637,59077990,162507000000,21382500
052880,큐앤에스,680,85,14.29,605,680,605,7959444,5261537140,18685868240,27479218
066310,큐에스아이,5290,0,0,5250,5400,5250,11002,58105000,41398111700,7825730
016600,큐캐피탈,695,-10,-1.42,710,710,690,77322,53476155,45754192150,65833370
067280,크레듀,87500,600,0.69,88000,88000,86400,17940,1562223600,492485000000,5628400
043590,크로바하이텍,2640,-60,-2.22,2720,2720,2610,24835,65358480,26400000000,10000000
083790,크리스탈,17750,-1200,-6.33,18750,18900,17750,342569,6242003650,157637554750,8880989
045520,크린앤사이언,2145,-10,-0.46,2155,2155,2115,14775,31448635,13942500000,6500000
039490,키움증권,46750,-50,-0.11,47000,47450,46650,52434,2467465550,758108752500,16216230
054780,키이스트,3385,-65,-1.88,3455,3470,3385,87260,298266890,42800481600,12644160
065130,탑엔지니어링,9290,-70,-0.75,9470,9620,9250,158303,1499681800,131918000000,14200000
023160,태광,48600,0,0,49500,49700,47400,110377,5315913550,1009973172600,20781341
048140,태광이엔시,2230,70,3.24,2200,2450,2160,11125,25298210,21358543060,9577822
036210,태산엘시디,6790,-1190,-14.91,7780,7920,6790,2517339,17996667140,93973600000,13840000
072520,태양기전,5100,-40,-0.78,5170,5190,5010,48580,247533610,38250000000,7500000
053620,태양산업,3425,15,0.44,3415,3470,3345,7878,26588665,29455000000,8600000
044490,태웅,111800,2000,1.82,111800,111800,106600,80278,8679017900,1857044956000,16610420
040740,태원엔터테인,2815,-30,-1.05,2950,2950,2750,1375,3856820,46818899840,16631936
032420,터보테크,810,-30,-3.57,850,855,790,140779,113320060,25920000000,32000000
048510,테스텍,840,-20,-2.33,735,890,735,3675161,2878184540,15534304800,18493220
076090,테이크시스템,2500,-145,-5.48,2620,2995,2460,1337269,3754502420,17518795000,7007518
036830,테크노세미켐,23200,200,0.87,22950,23200,22250,58697,1331703400,340738121600,14686988
038540,텍셀네트컴,455,-5,-1.09,455,475,455,465707,214431140,22654807630,49790786
036840,텍슨,1950,-5,-0.26,1990,1990,1875,83578,161295280,29099820750,14922985
054450,텔레칩스,14000,-450,-3.11,14500,14800,13750,150316,2144955950,141245020000,10088930
091440,텔레필드,5300,-220,-3.99,5530,5560,5200,129401,691390180,18436156000,3478520
056730,텔로드,3145,-555,-15,3600,3600,3145,340903,1087867290,32540025550,10346590
051360,토비스,3755,-165,-4.21,3920,3960,3750,537429,2063053470,48487030790,12912658
045340,토탈소프트,1700,-5,-0.29,1700,1740,1690,90955,154946465,14548668000,8558040
057880,토필드,17750,-550,-3.01,18400,18550,17750,182815,3287244900,225512436500,12704926
038410,트라이콤,9130,200,2.24,9160,9500,8800,30865,281540710,78362023080,8582916
026150,특수건설,15800,50,0.32,15800,16100,15550,52350,825039000,101120000000,6400000
037340,티모,5730,-50,-0.87,5850,5850,5530,28696,163730610,72189639930,12598541
064760,티씨케이,11850,200,1.72,11900,12000,11700,72853,863849300,138348750000,11675000
066350,티에스엠텍,18200,-50,-0.27,18300,18350,17750,140078,2521367950,173003357800,9505679
035620,티엔터테인먼트,1650,-90,-5.17,1710,1725,1650,204771,343370885,32812482450,19886353
062860,티엘아이,16400,0,0,16600,16750,15600,494511,7933413150,110727880000,6751700
067950,티이씨,730,-20,-2.67,745,770,715,569437,416021485,17438773630,23888731
060900,티티씨아이,735,10,1.38,770,820,720,1042546,792929055,16005051300,21775580
084730,팅크웨어,29000,-450,-1.53,29650,29650,28800,44147,1284034600,226968500000,7826500
034230,파라다이스,3260,0,0,3270,3280,3245,369971,1204296195,296473110720,90942672
033540,파라텍,2755,-10,-0.36,2850,2850,2755,20328,56548750,30635600000,11120000
039850,파로스이앤아이,6270,680,12.16,6400,6400,5800,67618,420614050,28464088290,4539727
043200,파루,2330,100,4.48,2230,2335,2185,626625,1417634405,35307990520,15153644
037070,파세코,1330,20,1.53,1310,1330,1310,938,1228815,17556000000,13200000
047310,파워로직스,5140,145,2.9,4910,5140,4910,32731,163337975,67285427000,13090550
039230,파이컴,5060,20,0.4,5100,5110,5000,79927,404138620,121218250560,23956176
049120,파인디앤씨,3625,-80,-2.16,3720,3720,3580,135722,491972770,71713117625,19782929
038950,파인디지털,3225,-5,-0.15,3205,3250,3180,31187,100058455,31870788375,9882415
028040,파캔OPC,1030,95,10.16,910,1075,900,300483,305940310,38003707090,36896803
091700,파트론,7220,20,0.28,7230,7300,7150,91701,661697400,75230320640,10419712
035500,팍스메듀,785,15,1.95,770,800,760,578916,453005830,28693261910,36551926
068050,팬엔터테인먼트,5410,20,0.37,5430,5430,5340,40803,220077430,23620060000,4366000
025460,팬텀엔터그룹,625,80,14.68,550,625,545,9179915,5624173210,23263820000,37222112
088020,펜타마이크로,3915,-75,-1.88,3950,4015,3875,236119,928031025,21754226025,5556635
089480,평산,55900,4000,7.71,52800,55900,52800,93512,5100450200,962555627800,17219242
043370,평화정공,4000,-65,-1.6,4190,4190,3870,77098,312273490,84000000000,21000000
048270,포넷,7120,-150,-2.06,7490,7490,6800,291383,2075671140,193655804880,27198849
022100,포스데이타,9050,-60,-0.66,9150,9200,9030,365088,3314081220,738041980000,81551600
003670,포스렉,35850,2900,8.8,33150,35850,33000,56150,1923291300,211765950000,5907000
056710,포시에스,10100,310,3.17,9910,11250,9410,1341006,13948759070,56327700000,5577000
038810,포이보스,520,0,0,520,535,515,723788,377843445,26758079920,51457846
078860,포인트아이,4325,-30,-0.69,4355,4410,4170,52998,226047205,23138750000,5350000
049690,포휴먼,17550,-450,-2.5,18150,18150,17400,310999,5484729150,300503876400,17122728
065610,폴리플러스,14350,50,0.35,14450,15100,14200,137142,1998886200,212163056700,14784882
033190,폴켐,225,-25,-10,250,265,225,10160158,2503131900,14711966775,65386519
005670,푸드웰,37150,0,0,37100,37500,36100,73,2711500,14860000000,400000
094940,푸른기술,6730,100,1.51,6530,6850,6530,33368,224550390,27498207950,4085915
007330,푸른저축은행,4100,-250,-5.75,4360,4450,4030,38920,162333385,61839480000,15082800
093380,풍강,3210,-25,-0.77,3230,3230,3175,5858,18732815,27606000000,8600000
065940,풍경정화,1910,-10,-0.52,1915,1915,1900,4181,7991735,12415000000,6500000
023900,풍국주정,6040,20,0.33,6070,6070,6000,2890,17344460,50736000000,8400000
024850,풍산마이크로,1520,30,2.01,1500,1550,1470,14347,21470130,53005440000,34872000
058690,퓨쳐인포넷,6000,150,2.56,5900,6060,5800,19857,118737200,75310428000,12551738
035200,프럼파스트,2130,10,0.47,2135,2145,2000,181981,376733325,13120800000,6160000
038120,프로소닉,1720,-65,-3.64,1790,1800,1635,347620,596788825,19836569080,11532889
023430,프로제,295,-5,-1.67,300,305,290,1232060,367073690,15439471935,52337193
053610,프로텍,2685,-50,-1.83,2800,2800,2680,30400,82679750,20137500000,7500000
073570,프롬써어티,7950,-140,-1.73,8140,8140,7890,96359,767527700,78791655000,9910900
053700,프리샛,1605,-45,-2.73,1650,1750,1600,24333,39430725,21203541045,13210929
053160,프리엠스,4300,105,2.5,4240,4335,4160,14120,60467855,25800000000,6000000
075130,플랜티넷,7790,90,1.17,7630,7870,7630,50269,391719730,69798400000,8960000
036660,플러스프로핏,1745,225,14.8,1630,1745,1570,297354,508215520,4576669085,2622733
032580,피델릭스,2940,70,2.44,2870,3040,2870,10312,30181280,47725237560,16233074
051380,피씨디렉트,2690,5,0.19,2720,2740,2640,5004,13469850,10378020000,3858000
054340,피앤텔,9000,-370,-3.95,9380,9440,8910,118251,1066888690,151200000000,16800000
031980,피에스케이,7850,-170,-2.12,8150,8280,7810,369231,2943435860,154466914900,19677314
002230,피에스텍,2745,-55,-1.96,2810,2830,2705,272331,752002050,38430000000,14000000
082390,피엘에이,9300,-1000,-9.71,10100,10400,8920,424837,3988554920,102548691300,11026741
006140,피제이전자,30700,300,0.99,30700,32000,30450,8457,262902200,30700000000,1000000
064800,필링크,3960,20,0.51,3945,4040,3945,4310,17197335,28119960000,7101000
033290,필코전자,1555,10,0.65,1545,1555,1500,420440,639732390,32805597085,21096847
033630,하나로텔레콤,8430,-220,-2.54,8530,8620,8340,2484429,20883977540,1989135103410,235959087
067310,하나마이크론,5020,-160,-3.09,5210,5230,4950,57972,291724830,53613600000,10680000
039130,하나투어,56000,1000,1.82,56300,56700,54900,79308,4435825800,650506360000,11616185
024660,하림,2115,15,0.71,2110,2120,2090,393524,827854850,155180527920,73371408
013030,하이록코리아,14450,250,1.76,14400,14500,14000,44759,640305950,170438501400,11795052
057100,하이스마텍,3200,150,4.92,3150,3285,3115,21503,68543965,23765897600,7426843
066980,하이쎌,585,-45,-7.14,645,645,575,8107745,4890338250,49732590375,85012975
066130,하츠,3540,0,0,3540,3570,3400,63637,221966095,45312000000,12800000
044780,한광,1990,70,3.65,1925,2015,1910,950214,1877505575,34779110600,17476940
004590,한국가구,13450,-250,-1.82,13350,13650,12750,583,7701950,20175000000,1500000
039340,한국경제TV,2915,65,2.28,2950,3060,2885,28294,83024705,67045000000,23000000
019550,한국기술투자,1685,15,0.9,1680,1705,1680,502582,848290665,154504280475,91693935
034950,한국기업평가,33800,-150,-0.44,33850,33850,32600,192,6439450,153469373200,4540514
024120,한국베랄,3120,-120,-3.7,3200,3235,3080,124893,390874900,29632200000,9497500
060250,한국사이버결제,2140,-70,-3.17,2260,2470,2105,80654,185770290,19651816880,9183092
025550,한국선재,6100,350,6.09,5800,6610,5590,2650474,16502468260,92192581800,15113538
017890,한국알콜,4600,-70,-1.5,4695,4710,4550,68057,312466140,99386496000,21605760
017010,한국오발,945,50,5.59,880,995,875,3533258,3355789105,18324254025,19390745
063570,한국전자금융,4100,40,0.99,4065,4200,4060,210255,866154585,106600000000,26000000
039740,한국정보공학,3315,-40,-1.19,3400,3470,3290,67116,225077260,26580986055,8018397
025770,한국정보통신,1920,-5,-0.26,1875,1920,1875,5227,9914615,74520466560,38812743
021880,한국종합캐피탈,1105,40,3.76,1060,1110,1050,27242,29328350,45852068925,41495085
019660,한국창투,1335,90,7.23,1245,1340,1245,243011,315998695,45628447020,34178612
023760,한국캐피탈,1245,-15,-1.19,1300,1300,1230,501058,630991920,216983679600,174284080
089150,한국컴퓨터,2290,-25,-1.08,2340,2340,2260,45888,104684495,39273500000,17150000
021650,한국큐빅,5950,-90,-1.49,6030,6040,5750,8459,49559150,35700000000,6000000
034830,한국토지신탁,1470,-10,-0.68,1485,1505,1455,701948,1029816530,371159168100,252489230
054040,한국트로닉스,2280,60,2.7,2220,2290,2220,22702,51132430,36642541200,16071290
037230,한국팩키지,705,5,0.71,695,740,680,96301,67099235,17625000000,25000000
040180,한국하이네트,1860,10,0.54,1890,1900,1785,145978,265048310,30727064220,16519927
030520,한글과컴퓨터,5490,50,0.92,5510,5540,5380,195824,1092324490,126721338390,23082211
052600,한네트,2545,20,0.79,2515,2555,2515,13012,32983565,29429616500,11563700
052270,한단정보통신,5330,30,0.57,5400,5400,5190,32852,173958090,58230250000,10925000
092460,한라레벨,15450,1100,7.67,14250,15450,13900,492408,7227352400,92700000000,6000000
021060,한림창투,630,-25,-3.82,655,670,605,1143816,712406510,16677844470,26472769
021080,한미창투,905,10,1.12,890,915,885,1362425,1227085670,38010000000,42000000
043890,한빛방송,27650,-50,-0.18,27700,27700,27050,238,6528750,207205229000,7493860
047080,한빛소프트,5310,-300,-5.35,5300,5400,4945,1802535,9360150590,114376401720,21539812
044070,한서제약,1990,-110,-5.24,2090,2120,1960,190733,383865900,26961515000,13548500
037950,한성엘컴텍,6400,-50,-0.78,6520,6520,6340,61053,391038970,59136000000,9240000
030190,한신평정보,18450,50,0.27,18450,18500,18300,3643,66969050,87827387400,4760292
078350,한양디지텍,3590,40,1.13,3560,3720,3520,279323,1009916260,35900000000,10000000
045100,한양이엔지,4075,-15,-0.37,4120,4145,4060,71794,294076910,61125000000,15000000
024740,한일단조,4195,-100,-2.33,4270,4390,4035,497671,2049643955,38392640000,9152000
005860,한일사료,2195,35,1.62,2175,2195,2110,403891,873565650,70087853575,31930685
007770,한일화학,13150,-250,-1.87,13150,13300,12950,11598,151709250,46156500000,3510000
061460,한진피앤씨,16500,0,0,16600,17400,16400,436415,7387678200,308721600000,18710400
079170,한창산업,5100,0,0,5170,5170,4995,7518,38320050,26520000000,5200000
045760,한통데이타,1125,0,0,0,0,0,0,0,21471535125,19085809
058420,한틀시스템,1430,-10,-0.69,1440,1550,1350,55607,80481170,31187662220,21809554
060230,할리스이앤티,825,20,2.48,790,920,790,629877,538869130,21293650125,25810485
082210,해빛정보,3000,45,1.52,2955,3065,2900,51658,153190345,32639223000,10879741
034810,해성산업,7090,0,0,7000,7100,7000,118,827700,69340200000,9780000
058480,해원에스티,1600,20,1.27,1570,1625,1570,30506,48930565,48633422400,30395889
054180,해인I&C,500,-15,-2.91,510,530,490,3078842,1551557100,34730170500,69460341
032380,핸디소프트,2130,-30,-1.39,2140,2155,2100,139629,295526400,51120000000,24000000
008800,행남자기,3310,15,0.46,3300,3390,3245,10707,35046100,19989017180,6038978
054300,헤스본,5000,25,0.5,5100,5160,4950,60276,304947160,53154935000,10630987
039350,헤파호프,10800,0,0,11150,11550,10300,187332,2042088950,62861788800,5820536
035480,현대디지탈텍,2645,-115,-4.17,2765,2765,2630,222651,598885740,36597949830,13836654
048410,현대아이티,845,-35,-3.98,890,890,845,2322423,1997530700,81706345500,96693900
026180,현대정보기술,6700,0,0,0,0,0,0,0,67446662200,10066666
039010,현대통신,3855,-15,-0.39,3895,3930,3820,155723,602173000,33249375000,8625000
092300,현우산업,3900,-45,-1.14,3925,3985,3870,26068,101746790,18174000000,4660000
053660,현진소재,42800,800,1.9,42800,42900,42100,191005,8112600850,609900000000,14250000
013450,호성케멕스,3300,50,1.54,3255,3335,3215,84602,275755350,66000000000,20000000
060560,홈센타,4530,-70,-1.52,4650,4700,4525,785737,3614159535,62713320000,13844000
064240,홈캐스트,2915,30,1.04,2935,2935,2860,62942,182807595,33376991945,11450083
039610,화성,2540,-10,-0.39,2590,2610,2505,78746,200309200,18491200000,7280000
086250,화신테크,2020,-50,-2.42,2055,2080,1985,76169,154221370,19594000000,9700000
045890,화우테크,60300,-600,-0.99,60000,60900,59700,17009,1023562600,346518171000,5746570
033500,화인텍,13100,250,1.95,13150,13350,13100,255020,3370275500,196500000000,15000000
061250,화일약품,9840,-160,-1.6,10100,10100,9790,118065,1170447980,109968573120,11175668
032560,황금에스티,11900,300,2.59,11700,11900,11450,32764,382604200,119000000000,10000000
097870,효성오앤비,7580,20,0.26,7600,7680,7350,200457,1504477890,43964000000,5800000
050090,휘닉스피디이,1610,75,4.89,1540,1645,1540,158817,249688465,42109340700,26154870
028080,휴맥스,13150,0,0,13150,13300,12900,256682,3355168150,368370384550,28012957
066060,휴먼텍코리아,3000,-15,-0.5,3015,3035,2980,69388,208409395,42000000000,14000000
064090,휴바이론,980,-5,-0.51,990,995,975,139299,136535525,18587637460,18966977
065510,휴비츠,2800,-110,-3.78,2905,2925,2785,256170,725232245,25459560000,9092700
084110,휴온스,9810,60,0.62,9800,9850,9720,33495,327293780,84366000000,8600000
024060,흥구석유,500000,0,0,485000,500000,485000,5,2456000,49000000000,98000
037440,희림,8660,160,1.88,8600,8730,8490,107086,921052390,111763587160,12905726
019640,희훈디앤지,1205,-25,-2.03,1220,1240,1205,128879,157007730,39200811770,32531794
