단축코드,종목명,종가,대비,등락률,시가,고가,저가,거래량,거래대금,시가총액,상장주식수
005760,ACTS,6380,0,0,0,0,0,0,0,38912168680,6099086
015670,AP우주통신,490,0,0,0,0,0,0,0,16627469880,33933612
015675,AP우주통신(1우B),4045,0,0,0,0,0,0,0,145098195,35871
003990,BHK,3380,-235,-6.5,3690,4040,3340,1342177,4971529740,112668923380,33334001
004560,BNG스틸,9450,350,3.85,9180,9540,9090,91989,860251950,142494763950,15078811
004565,BNG스틸(1우B),6800,150,2.26,6280,6800,6280,30,195800,746993600,109852
001460,BYC,148000,-500,-0.34,146000,148500,146000,231,34013000,92443020000,624615
001465,BYC(1우B),64400,200,0.31,64400,64400,64400,1,64400,13870794000,215385
000790,C&상선,375,-5,-1.32,380,385,370,2470123,931746415,69782913000,186087768
013200,C&우방,5180,110,2.17,5300,5570,4970,445748,2351841040,105863540860,20436977
084680,C&우방랜드,5810,10,0.17,5610,5900,5610,6869,39953590,38202010770,6575217
008400,C&진도,3250,270,9.06,3050,3370,2960,168270,538594800,47691660250,14674357
008405,C&진도(1우B),49400,0,0,0,0,0,0,0,183422200,3713
001040,CJ,99500,900,0.91,98100,99500,97500,141190,13887030100,3020405184500,30355831
001045,CJ(1우B),44000,0,0,43850,44050,43850,3930,172820000,157856864000,3587656
001047,CJ(2우B),89000,-200,-0.22,89000,89000,87500,2567,226270600,143959814000,1617526
001049,CJ(3우B),85000,-200,-0.23,84900,85000,83200,1516,126601200,71936010000,846306
079160,CJCGV,17150,-350,-2,17600,17600,16850,135505,2329643250,353551503200,20615248
004530,CKF,26400,2100,8.64,27900,27900,25250,261055,6979020400,63267943200,2396513
069730,DSR제강,1300,-15,-1.14,1320,1325,1285,32459,42107250,18720000000,14400000
017940,E1,50000,-1000,-1.96,51000,51400,49700,3925,196074800,343000000000,6860000
007700,F&F,4365,-30,-0.68,4400,4405,4285,66660,289052500,67221000000,15400000
001370,FnC코오롱,16250,-350,-2.11,16450,16750,16250,14826,244050500,195058500000,12003600
001375,FnC코오롱(1우B),6570,-10,-0.15,6460,6570,6350,6130,39084800,4760733690,724617
078930,GS,33150,600,1.84,32400,33400,32400,418662,13863432550,3080144780700,92915378
078935,GS(1우B),18950,50,0.26,19150,19150,18800,6500,123123000,33822452700,1784826
006360,GS건설,91800,1200,1.32,90600,93500,89500,250006,23052223400,4681800000000,51000000
035000,GⅡR,14050,250,1.81,13650,14050,13650,65161,905676050,165409245000,11772900
011420,IB스포츠,6880,0,0,0,0,0,0,0,108170277120,15722424
003560,IHQ,5440,-40,-0.73,5550,5550,5370,209798,1134995020,207527056640,38148356
002380,KCC,257000,-4000,-1.53,262500,263500,256000,35885,9330087000,2703640000000,10520000
009070,KCTC,35000,-400,-1.13,34550,36450,33750,44559,1553261150,105000000000,3000000
017300,KDS,755,5,0.67,745,755,745,246220,184409750,23214138265,30747203
092220,KEC,910,0,0,920,920,900,218317,197844105,54973991800,60410980
006200,KEC홀딩스,1400,-15,-1.06,1415,1415,1385,67436,94260000,37907706200,27076933
001390,KG케미칼,8030,-160,-1.95,8640,8640,8030,62452,515195260,85921000000,10700000
092230,KPC홀딩스,30900,0,0,30900,30900,30500,1750,53581000,130541561400,4224646
030200,KT,42600,-700,-1.62,43300,43450,42500,514850,22032731500,11912127240000,279627400
033780,KT&G,58900,-100,-0.17,59300,59300,58100,320394,18857576100,8684363073300,147442497
030210,KTB네트워크,5200,80,1.56,5160,5260,5100,405673,2109043900,313633278400,60314092
032390,KTF,25750,-350,-1.34,26200,26250,25550,447841,11557078350,5039303093250,195701091
003550,LG,32000,350,1.11,31950,32250,31700,426024,13649080600,5521828192000,172557131
003555,LG(1우B),16850,-50,-0.3,16900,16900,16700,10192,171781200,55852307450,3314677
015940,LG데이콤,20900,350,1.7,20600,20900,20250,828731,17051120900,1698122847300,81249897
001120,LG상사,21400,-700,-3.17,22100,22100,21400,281275,6085817300,829464000000,38760000
068870,LG생명과학,41200,100,0.24,41400,41650,41000,82332,3399749400,682971988000,16576990
068875,LG생명과학(1우B),24700,-300,-1.2,24600,24950,24600,220,5440500,5834535200,236216
051900,LG생활건강,111500,4500,4.21,107500,111500,107000,32571,3605540000,1741428965500,15618197
051905,LG생활건강(1우B),47450,-50,-0.11,47100,47450,47100,71,3365450,99630622650,2099697
012990,LG석유화학,31450,-700,-2.18,32150,32150,31450,87870,2794004000,1421540000000,45200000
066570,LG전자,59700,-900,-1.49,60000,60500,59400,601454,35959968900,8635474495800,144647814
066575,LG전자(1우B),33500,-900,-2.62,34300,34300,33150,63199,2106146500,575730732000,17185992
032710,LG카드,63000,800,1.29,62300,63000,62300,143271,8995785900,7898272389000,125369403
093050,LG패션,21450,0,0,21450,21650,21250,186690,4005905750,627198000000,29240000
034220,LG필립스LCD,32300,-500,-1.52,32750,33000,32150,944159,30756633700,11557447110000,357815700
051910,LG화학,45150,750,1.69,44100,45250,43450,231746,10280365400,2908791639600,64425064
051915,LG화학(1우B),24800,0,0,24700,25000,24500,23960,591652500,214799024800,8661251
002550,LIG손해보험,17150,650,3.94,16400,17150,16250,595810,10067833500,1029000000000,60000000
010120,LS산전,29000,-400,-1.36,29150,29300,28500,290209,8361189000,870000000000,30000000
006260,LS전선,34750,-100,-0.29,34600,34850,34300,160720,5553319500,1118950000000,32200000
076170,MK픽처스,575,-20,-3.36,585,595,575,410169,238198225,25626019250,44566990
016420,NH투자증권,11650,0,0,11650,12000,11500,565522,6653037300,591118600100,50739794
008260,NI테크,865,-10,-1.14,875,885,855,194795,168655775,24589225250,28426850
005490,POSCO,374000,-1500,-0.4,371000,379000,371000,178662,66958142500,32607876290000,87186835
036530,S&TC,25300,-50,-0.2,25100,25450,24850,25820,651355000,189750000000,7500000
064960,S&T대우,19650,400,2.08,19550,20150,19500,33420,660811000,228702144900,11638786
003570,S&T중공업,6050,20,0.33,6030,6120,6000,72970,440418900,195206359700,32265514
010950,S-Oil,68500,1700,2.54,67200,69000,67100,410448,28008460400,7711921252000,112582792
010955,S-Oil(1우B),52400,900,1.75,51800,52700,51800,29777,1554082200,210748974800,4021927
034120,SBS,50200,-1100,-2.14,50700,51200,49950,43164,2169913100,1308970873400,26075117
002360,SH케미칼,6150,660,12.02,5500,6150,5480,345390,1994730400,56662243950,9213373
002365,SH케미칼(1우B),76900,-1000,-1.28,0,0,0,0,0,47831800,622
009160,SIMPAC,1820,-10,-0.55,1820,1845,1805,157386,285809320,47320000000,26000000
025530,SJM,4200,75,1.82,4135,4210,4130,120555,505575050,74840392200,17819141
003600,SK,84200,-800,-0.94,84800,85100,83000,762336,64303299400,10836124388800,128695064
003605,SK(1우B),50200,-1300,-2.52,50100,51400,50100,323,16388200,88268969200,1758346
011790,SKC,20850,-250,-1.18,21100,21250,20700,148046,3095103100,726188882550,34829203
018670,SK가스,56700,-100,-0.18,56800,56800,56200,2998,169824100,489245305500,8628665
001740,SK네트웍스,31000,-500,-1.59,31550,31550,31000,67706,2107439000,7420647816000,239375736
001745,SK네트웍스(1우B),15400,-300,-1.91,15700,15700,15350,710,10983500,1750179200,113648
001510,SK증권,1385,-10,-0.72,1400,1420,1385,4289464,5992494590,443362281835,320117171
001515,SK증권(1우B),1415,-30,-2.08,1485,1490,1415,28932,42102130,5536207310,3912514
006120,SK케미칼,42600,950,2.28,41650,42700,41650,111261,4712921200,882276799800,20710723
006125,SK케미칼(1우B),16850,350,2.12,16500,16900,16500,5540,92495500,47468556250,2817125
017670,SK텔레콤,193500,-1500,-0.77,194500,195000,191500,293110,56586075500,15710983078500,81193711
007050,SNG21,56300,-5000,-8.16,60000,60900,55000,27559,1567281600,67646983500,1201545
011810,STX,27000,-1100,-3.91,28000,28050,26800,492110,13431713000,822858561000,30476243
077970,STX엔진,27600,150,0.55,27450,28100,27100,169230,4697927500,791480590800,28676833
067250,STX조선,19900,900,4.74,19050,20050,19050,824482,16110250300,1432800000000,72000000
011000,VGX인터,7410,610,8.97,6790,7820,6700,3066335,22986821510,189736384500,25605450
024070,WISCOM,3915,-55,-1.39,3960,3960,3910,32552,127706930,58826476800,15025920
000500,가온전선,26650,0,0,26700,26700,26200,6580,174209000,103935000000,3900000
035250,강원랜드,19000,400,2.15,18700,19200,18700,800011,15183681500,4064869500000,213940500
092970,거북선1호,5460,0,0,0,0,0,0,0,12896520000,2362000
000860,건설화학,14450,100,0.7,14200,14500,14150,4710,67232000,93925000000,6500000
000800,경남기업,23300,0,0,23500,23800,23150,46510,1084258000,334646902400,14362528
008020,경남에너지,2535,0,0,2530,2560,2505,16950,42872950,75536054100,29797260
002100,경농,6100,50,0.83,6050,6100,6020,3578,21759800,66159837500,10845875
012320,경동가스,36000,-350,-0.96,36000,36000,36000,50,1800000,114048000000,3168000
009450,경동나비엔,23200,150,0.65,23050,23200,23050,190,4381000,53452800000,2304000
000050,경방,159500,0,0,145000,160000,145000,117,18016500,331760000000,2080000
012610,경인양행,11250,-100,-0.88,11300,11350,11250,5344,60238000,33750000000,3000000
009140,경인전자,14100,-900,-6,14300,15000,12950,16259,222830150,22148237700,1570797
013580,계룡건설,38200,-1300,-3.29,39100,39200,38200,15821,608710700,341160647400,8930907
012200,계양전기,1960,5,0.26,1965,1965,1940,129490,252545150,63896000000,32600000
012205,계양전기(1우B),1150,-5,-0.43,1150,1150,1135,2760,3157400,1610000000,1400000
027840,고덴시,3825,-25,-0.65,3750,3850,3705,131790,499808200,88227201375,23065935
004200,고려개발,19350,-500,-2.52,20000,20000,19150,96000,1869285000,232200000000,12000000
002140,고려산업,3800,200,5.56,3500,3940,3500,83920,316202950,18953963000,4987885
003660,고려시멘트,11100,100,0.91,10900,11250,10900,2650,29035000,43931646600,3957806
010130,고려아연,94800,6000,6.76,90000,95400,90000,348441,32323403900,1788876000000,18870000
002240,고려제강,27700,-50,-0.18,27800,28500,27600,9520,264273500,277000000000,10000000
002540,고제,2820,-80,-2.76,2900,3145,2665,2236349,6522826240,29256152040,10374522
084160,골든경매일호,4605,-25,-0.54,4605,4605,4605,470,2164350,15778700940,3426428
009290,광동제약,3100,25,0.81,3075,3155,3065,694704,2166269810,162504638100,52420851
017040,광명전기,825,-5,-0.6,830,835,825,615139,510316475,30866092125,37413445
017900,광전자,2380,-5,-0.21,2380,2400,2355,103510,245804250,34659699620,14562899
037710,광주신세계,153000,1000,0.66,154000,154000,150000,552,83600000,244800000000,1600000
030610,교보증권,10750,0,0,10750,11000,10700,354150,3844869000,387000000000,36000000
007690,국도화학,25200,1000,4.13,24450,25500,24300,55480,1392133000,146427523200,5810616
005320,국동,2220,-50,-2.2,2250,2310,2210,51335,114542750,25041171540,11279807
060000,국민은행,89400,-100,-0.11,89400,89900,88800,830266,74219967900,30072292970400,336379116
001140,국보,8920,270,3.12,8700,8920,8600,8711,75858020,9163551680,1027304
000680,국제상사,1430,0,0,0,0,0,0,0,137618694070,96236849
000685,국제상사(1우B),2835,0,0,0,0,0,0,0,58298940,20564
002720,국제약품,3800,130,3.54,3675,3810,3670,106490,402109600,47832120000,12587400
088510,굿리치경매2,5300,0,0,0,0,0,0,0,5918133700,1116629
083420,그린소프트켐,13700,-50,-0.36,13600,13800,13500,2960,40254500,27400000000,2000000
000470,그린화재보험,5540,40,0.73,5510,5550,5370,29585,161516500,63710000000,11500000
014530,극동유화,8140,30,0.37,8120,8260,8080,8840,71777000,26048000000,3200000
002250,근화제약,23600,-150,-0.63,24000,24000,23100,13700,321506500,76935787600,3259991
086280,글로비스,27450,500,1.86,26950,27700,26550,74040,2018046500,1029375000000,37500000
014280,금강공업,9180,150,1.66,9010,9180,8980,31820,286825300,44577749520,4855964
014285,금강공업(1우B),6190,190,3.17,0,0,0,0,0,730265250,117975
008870,금비,38850,-550,-1.4,39000,39300,38850,421,16447350,38850000000,1000000
001570,금양,680,-40,-5.56,710,720,680,397131,276708185,19912019080,29282381
002990,금호산업,20250,-400,-1.94,20650,20650,20050,311786,6323673100,822614980500,40622962
002995,금호산업(1우B),7920,0,0,8020,8060,7730,108410,858585600,100643431680,12707504
011780,금호석유,27900,-600,-2.11,28400,28550,27800,128736,3598644900,709342071300,25424447
011785,금호석유(1우B),11850,-250,-2.07,12100,12100,11850,3525,42208250,35828309100,3023486
001210,금호전기,36100,-650,-1.77,36500,36500,36000,51188,1848223800,225978671700,6259797
010050,금호종금,5590,-10,-0.18,5600,5630,5550,20330,113622700,56113141110,10038129
073240,금호타이어,12350,200,1.65,12100,12450,12050,154990,1907656500,864500000000,70000000
006070,기린,1325,25,1.92,1315,1350,1305,1717392,2279356800,59708782400,45063232
000270,기아차,12600,-300,-2.33,12900,12900,12550,1095620,13875104500,4375103733000,347230455
024110,기업은행,19650,250,1.29,19150,19650,19050,1025752,19816911450,7961228645250,405151585
014990,나산,17800,0,0,17400,18000,17350,17151,304464600,80586260400,4527318
014590,나자인,1120,5,0.45,1120,1125,1110,14830,16581250,19897931200,17766010
001260,남광토건,5600,-10,-0.18,5610,5630,5570,21244,119027000,88129339200,15737382
001265,남광토건(1우B),15200,0,0,0,0,0,0,0,28209953600,1855918
008350,남선알미늄,2860,-20,-0.69,2940,2940,2805,17890,51067950,20378129200,7125220
008355,남선알미늄(1우B),4910,-260,-5.03,5010,5010,4910,440,2185800,151173990,30789
004270,남성,9290,-50,-0.54,9350,9350,9130,1220,11256400,33641096640,3621216
003920,남양유업,820000,-10000,-1.2,837000,844000,820000,116,96684000,590400000000,720000
003925,남양유업(1우B),347500,-2500,-0.71,335000,347500,335000,7,2357500,57915045000,166662
002070,남영L&F,38400,1000,2.67,37000,38400,37000,410,15192000,52745817600,1373589
001950,남한제지,4430,-85,-1.88,4550,4550,4220,1530,6750200,27876944520,6292764
001955,남한제지(1우B),2580,-80,-3.01,2590,2660,2500,11660,29175650,1419000000,550000
025860,남해화학,3395,85,2.57,3340,3425,3310,464362,1568802740,168659671985,49678843
004250,내쇼날푸라스,9900,0,0,9670,10000,9670,1510,14928800,36352800000,3672000
004255,내쇼날푸라스(1우B),8090,-180,-2.18,8440,8540,8050,561,4585590,4271520000,528000
005720,넥센,20500,100,0.49,20400,20500,20000,8080,164729500,54897770000,2677940
005725,넥센(1우B),10000,500,5.26,0,0,0,0,0,3600600000,360060
002350,넥센타이어,17600,-200,-1.12,17550,17900,17550,7290,129697000,167059657600,9492026
002355,넥센타이어(1우B),9120,-130,-1.41,9100,9120,9090,270,2457200,5928000000,650000
090350,노루페인트,4180,-20,-0.48,4180,4230,4175,42139,176783970,83600000000,20000000
090355,노루페인트(1우B),3450,-20,-0.58,3450,3480,3450,210,724800,1597784700,463126
006280,녹십자,56000,-500,-0.88,56500,56800,55000,61678,3408032200,504642712000,9011477
005250,녹십자홀딩스,69600,-100,-0.14,69600,69600,68500,32,2199200,300148190400,4312474
005255,녹십자홀딩스(1우B),36500,-500,-1.35,36500,36500,36500,20,730000,5922636000,162264
005257,녹십자홀딩스(2우B),35500,0,0,0,0,0,0,0,2876565000,81030
004370,농심,253500,-3500,-1.36,257500,262500,251500,44839,11418448500,1541949747000,6082642
072710,농심홀딩스,83500,700,0.85,82900,83500,81300,1238,102000000,379051256000,4539536
023590,다우기술,6400,0,0,6470,6590,6390,322773,2092438100,256000000000,40000000
009280,다함이텍,30900,0,0,30900,31300,30500,2860,88028000,123182633700,3986493
015590,대경기계,17650,-200,-1.12,17250,17750,17250,4040,70151000,96615905850,5473989
019680,대교,81000,-800,-0.98,81800,82700,80500,13855,1124353000,686093085000,8470285
019685,대교(1우B),40200,-200,-0.5,40500,40500,40000,740,29654000,78096499800,1942699
016710,대구가스,6980,-30,-0.43,7010,7010,6900,1559,10867320,109795400000,15730000
006370,대구백화점,17000,100,0.59,16750,17200,16750,58199,985370500,183967387000,10821611
006375,대구백화점(1우B),74700,-1000,-1.32,0,0,0,0,0,319865400,4282
005270,대구은행,17350,200,1.17,17050,17450,16850,438200,7544761000,2292368750000,132125000
004130,대덕GDS,8330,-70,-0.83,8400,8450,8250,34086,283674680,167962896290,20163613
004135,대덕GDS(1우B),5140,10,0.19,5130,5230,5000,2940,14782200,11102400000,2160000
004137,대덕GDS(2우B),7270,120,1.68,7270,7270,7270,50,363500,2995240000,412000
008060,대덕전자,8020,-50,-0.62,8050,8080,7930,267370,2146453900,391346326000,48796300
000490,대동공업,13500,300,2.27,13100,13500,13100,19104,255637000,64066167000,4745642
008110,대동전자,2530,10,0.4,2530,2535,2480,122550,306999300,25300000000,10000000
000210,대림산업,85000,0,0,86200,86200,84200,111151,9436313000,2958000000000,34800000
000215,대림산업(1우B),39000,0,0,39050,39500,38700,11649,454261500,148200000000,3800000
003960,대림수산,18300,-200,-1.08,18550,18550,18250,3353,61725400,96314638500,5263095
003965,대림수산(1우B),46650,0,0,46950,47000,46650,170,7949000,176337000,3780
005750,대림요업,2560,5,0.2,2545,2585,2520,122666,313088210,38400000000,15000000
006570,대림통상,5500,-240,-4.18,5650,5740,5380,42660,235775700,118250000000,21500000
001680,대상,10850,100,0.93,10700,10850,10700,148658,1604514300,329616056000,30379360
001685,대상(1우B),4815,-80,-1.63,4800,4880,4800,2070,9955350,6597623745,1370223
001687,대상(2우B),9840,350,3.69,9840,9840,9840,11,108240,9783705360,994279
036580,대상팜스코,1820,-10,-0.55,1850,1850,1805,37690,68261200,55575587340,30536037
036585,대상팜스코(1우B),1605,-15,-0.93,0,0,0,0,0,1800429615,1121763
084690,대상홀딩스,4750,-20,-0.42,4770,4795,4740,51503,245137800,168861003750,35549685
084695,대상홀딩스(1우B),2475,45,1.85,2415,2475,2415,182,443350,2260867950,913482
084697,대상홀딩스(2우B),4000,10,0.25,3990,4000,3990,39070,156278500,2651412000,662853
005620,대성산업,87100,-1700,-1.91,89700,89700,86600,1651,144546000,447006781000,5132110
003540,대신증권,24400,450,1.88,23900,24550,23700,674492,16431151800,1238870960000,50773400
003545,대신증권(1우B),15500,450,2.99,15050,15650,14950,379897,5869478000,403000000000,26000000
009190,대양금속,2015,5,0.25,2070,2100,1920,708940,1423586150,54973230000,27282000
014160,대영포장,200,0,0,205,215,195,41725809,8534664515,47494865400,237474327
047040,대우건설,20000,-150,-0.74,20150,20150,19700,620602,12370503000,6785809080000,339290454
009320,대우부품,11200,-250,-2.18,11200,11550,11050,298466,3348354200,111812142400,9983227
047050,대우인터내셔,38900,650,1.7,38800,39000,37800,670515,25873502000,3695063386400,94988776
042660,대우조선해양,34000,900,2.72,33000,34100,32750,843125,28538735500,6507285772000,191390758
006800,대우증권,18800,-200,-1.05,18900,19450,18700,3556582,67726431300,3573896750800,190100891
006805,대우증권(1우B),11250,100,0.9,11250,11400,11100,192670,2171147500,158352187500,14075750
004550,대우차판매,25300,-500,-1.94,25800,25900,25200,209654,5334241000,755964000000,29880000
004555,대우차판매(1우B),13050,50,0.38,13000,13300,12800,140,1825500,13050000000,1000000
003090,대웅,23700,250,1.07,23500,23800,23400,2670,62786000,149260846200,6297926
069620,대웅제약,60900,2200,3.75,59000,61000,58600,44738,2663608100,601602964200,9878538
000430,대원강업,14950,-200,-1.32,15200,15200,14900,26180,393193800,89700000000,6000000
006340,대원전선,4770,-120,-2.45,4885,4920,4765,49939,241092830,32257096380,6762494
006345,대원전선(1우B),2510,-110,-4.2,2510,2510,2510,48,120480,657921200,262120
006347,대원전선(2우B),5040,0,0,0,0,0,0,0,224582400,44560
003220,대원제약,9190,0,0,9070,9290,9050,34040,312523000,54631287550,5944645
024890,대원화성,11000,400,3.77,10600,11350,10250,59430,634301500,28082230000,2552930
001190,대유,2020,-60,-2.88,2080,2080,2005,126710,257931300,33078588780,16375539
002880,대유디엠씨,915,5,0.55,930,940,910,286562,264001180,29669337075,32425505
012800,대창공업,7400,300,4.23,7100,7400,7080,72270,521568000,55084741600,7443884
012805,대창공업(1우B),158000,-4000,-2.47,141000,182000,141000,16,2453000,33812000,214
015230,대창단조,10450,-250,-2.34,10550,10600,10450,4909,51637550,20900000000,2000000
026870,대한가스,24650,-250,-1,24550,24650,24400,15780,387275000,239105000000,9700000
001070,대한방직,78900,300,0.38,77600,79900,77600,569,44816000,83634000000,1060000
006650,대한유화,36500,-250,-0.68,37250,37500,36050,10428,381446000,299300000000,8200000
007480,대한은박지,1425,35,2.52,1380,1435,1300,2127246,2956360335,26227125000,18405000
001440,대한전선,22000,700,3.29,21300,22000,21250,383531,8271858500,1052224558000,47828389
084010,대한제강,26500,-350,-1.3,26500,26850,26150,11890,314042000,126133242500,4759745
001790,대한제당,34550,-600,-1.71,35150,35450,34250,5770,200847500,109519526750,3169885
001795,대한제당(1우B),17800,0,0,17800,17800,17800,1000,17800000,4808047000,270115
001130,대한제분,198500,0,0,198000,199500,197500,2124,421590500,335465000000,1690000
000120,대한통운,86400,-700,-0.8,87100,88900,86100,4555,395722000,1380649536000,15979740
004540,대한펄프,2750,0,0,0,0,0,0,0,56923561750,20699477
004545,대한펄프(1우B),1665,0,0,0,0,0,0,0,1524141000,915400
003490,대한항공,33000,-850,-2.51,33800,33800,33000,961836,31991389750,2352551388000,71289436
003495,대한항공(1우B),17900,100,0.56,17950,17950,17900,2390,42893000,24687268300,1379177
005880,대한해운,54300,700,1.31,53500,54800,53000,16679,904290100,543000000000,10000000
003830,대한화섬,130000,0,0,127000,130500,127000,608,78785000,172640000000,1328000
000400,대한화재,1880,60,3.3,1810,1885,1810,172590,321540650,79054000000,42050000
016090,대현,900,-10,-1.1,920,920,895,326086,294927300,40754079000,45282310
069460,대호에이엘,1030,0,0,1040,1040,1020,123425,126574850,27948884170,27134839
012510,더존비즈온,2600,-80,-2.99,2700,2700,2600,127590,335834450,89634664600,34474871
004830,덕성,3570,-40,-1.11,3620,3630,3560,32570,117002450,55977600000,15680000
004835,덕성(1우B),1405,10,0.72,1405,1410,1395,10260,14388250,1955760000,1392000
024900,덕양산업,7710,-150,-1.91,7860,8060,7650,15560,119872300,25107599580,3256498
001620,동국실업,8000,-120,-1.48,8000,8300,7990,22590,185265100,21067616000,2633452
001230,동국제강,23200,100,0.43,23150,23350,22750,316350,7335462000,1434323528000,61824290
023450,동남합성,15000,50,0.33,15000,15000,15000,2878,43170000,15979035000,1065269
004140,동방,17650,-150,-0.84,17700,17700,17300,16390,287655500,75979614100,4304794
004145,동방(1우B),18450,0,0,0,0,0,0,0,5394743100,292398
007590,동방아그로,4290,-60,-1.38,4315,4350,4270,75950,325726600,58419405330,13617577
007595,동방아그로(1우B),189500,20000,11.8,189500,189500,189500,1,189500,47375000,250
005960,동부건설,14150,350,2.54,13900,14350,13600,696596,9860239400,308333381750,21790345
005965,동부건설(1우B),7700,0,0,7700,7840,7600,2320,17772000,25736210500,3342365
001830,동부일렉트로닉스,1910,-5,-0.26,1910,1920,1890,1522914,2903223290,508576196600,266270260
001835,동부일렉트로닉스(1우B),1500,-5,-0.33,1505,1530,1500,3620,5454300,2069872500,1379915
001837,동부일렉트로닉스(2우B),2850,-20,-0.7,2850,2850,2850,10,28500,578721000,203060
012030,동부정밀,12400,50,0.4,12450,12450,12400,560,6959000,49600000000,4000000
016380,동부제강,8640,-60,-0.69,8700,8730,8630,48330,418693800,235717395840,27282106
016385,동부제강(1우B),5010,-60,-1.18,0,0,0,0,0,12852403500,2565350
016610,동부증권,16450,50,0.3,16600,16900,16400,179254,2987726300,263622945950,16025711
000990,동부한농,18550,100,0.54,18600,18800,18550,54800,1022293500,184183784750,9929045
005830,동부화재,27350,950,3.6,26600,27350,26300,706671,19007300450,1936380000000,70800000
083350,동북아10호,4400,-80,-1.79,4480,4480,4400,5120,22537600,6976904000,1585660
083360,동북아11호,4455,0,0,4455,4455,4455,30,133650,7064115300,1585660
083370,동북아12호,4495,0,0,0,0,0,0,0,7127541700,1585660
083380,동북아13호,4635,0,0,0,0,0,0,0,7349534100,1585660
083390,동북아14호,4590,0,0,0,0,0,0,0,7278179400,1585660
084240,동북아15호,4550,0,0,4550,4550,4550,100,455000,8686209350,1909057
078420,동북아1호,5020,-10,-0.2,5020,5020,5020,990,4969800,16174440000,3222000
088010,동북아21호,5120,0,0,0,0,0,0,0,10649272320,2079936
089170,동북아27호,5450,70,1.3,5450,5450,5450,70,381500,11640971100,2135958
089180,동북아28호,5360,-20,-0.37,5360,5360,5360,40,214400,11448734880,2135958
089190,동북아29호,5360,50,0.94,0,0,0,0,0,11448734880,2135958
080030,동북아2호,4750,-50,-1.04,4750,4750,4750,1200,5700000,15020450000,3162200
089200,동북아30호,5350,10,0.19,5350,5350,5350,300,1605000,11427375300,2135958
093730,동북아31호,5150,0,0,5150,5150,5150,20,103000,15328872000,2976480
080960,동북아3호,4600,-100,-2.13,4640,4645,4600,2160,10018500,18871960000,4102600
080970,동북아4호,4670,0,0,4670,4670,4670,340,1587800,19159142000,4102600
080980,동북아5호,4690,0,0,0,0,0,0,0,19241194000,4102600
080410,동북아6호,4850,0,0,0,0,0,0,0,13378240000,2758400
082110,동북아8호,4830,0,0,0,0,0,0,0,11501196000,2381200
083120,동북아9호,4910,0,0,0,0,0,0,0,9277641400,1889540
010780,동서산업,16800,-150,-0.88,16600,16950,16550,22270,371868500,131856076800,7848576
002210,동성제약,8600,70,0.82,8530,8610,8450,31380,267369600,36340443800,4225633
005190,동성화학,10600,0,0,10450,10800,10350,2650,27952000,40423693600,3813556
058730,동아에스텍,2830,-30,-1.05,2840,2880,2800,16250,46197050,27734000000,9800000
000640,동아제약,79000,1700,2.2,77100,79500,76500,40915,3206934000,779651000000,9869000
007340,동아타이어,5200,-90,-1.7,5240,5310,5180,26790,140142900,123380504000,23727020
005900,동양건설,34900,500,1.45,34900,35150,34500,5540,193028500,86874057200,2489228
084670,동양고속,14950,100,0.67,14450,15000,14400,5470,79643500,39647400000,2652000
013570,동양기전,4145,-85,-2.01,4230,4235,4125,258500,1074514200,105629480550,25483590
001520,동양메이저,7080,-30,-0.42,7110,7150,7000,349045,2470325400,316065055560,44641957
001525,동양메이저(1우B),2585,5,0.19,2580,2585,2510,15760,40477300,16109285720,6231832
001527,동양메이저(2우B),3980,-10,-0.25,3940,3980,3930,1160,4573450,12401345680,3115916
002900,동양물산,6970,60,0.87,6890,7350,6890,205241,1459145590,45576063300,6538890
002710,동양석판,18200,450,2.54,18200,18200,18200,20,364000,45500000000,2500000
010060,동양제철화학,47900,1300,2.79,46600,48400,46150,86000,4090060500,956167058600,19961734
003470,동양종금증권,11300,250,2.26,11150,11400,11050,1635275,18375701950,1200244054400,106216288
003475,동양종금증권(1우B),5800,50,0.87,5840,5920,5770,210051,1226920400,74890829600,12912212
008970,동양철관,760,10,1.33,745,785,740,2840910,2178768500,48426893720,63719597
008975,동양철관(1우B),12700,300,2.42,12750,12750,12700,50,636500,294513000,23190
003580,동원,10650,-50,-0.47,10700,10850,10500,12370,131122500,39662825850,3724209
049770,동원F&B,70900,100,0.14,70100,71700,69200,2434,171069100,222211305900,3134151
018500,동원금속,915,0,0,920,945,905,140953,128905995,24522000000,26800000
006040,동원산업,39700,-1300,-3.17,41000,41000,39200,3816,152812700,133519040000,3363200
030720,동원수산,6370,-170,-2.6,6530,6530,6350,37678,241668860,18877571440,2963512
014820,동원시스템즈,1820,-25,-1.36,1840,1850,1820,112303,205659660,219252779200,120468560
014825,동원시스템즈(1우B),1185,0,0,1185,1185,1155,4440,5220500,3144492300,2653580
014827,동원시스템즈(2우B),2880,110,3.97,2715,2880,2715,540,1483000,368236800,127860
001530,동일방직,76900,-100,-0.13,76000,77000,75200,1001,76284600,156969202800,2041212
004840,동일벨트,3025,40,1.34,3025,3040,2890,9470,28447050,52635000000,17400000
004890,동일산업,20000,50,0.25,19900,20150,19800,8620,171848000,48504300000,2425215
019300,동일제지,12450,200,1.63,12050,12500,12050,5100,62273500,49414050000,3969000
019180,동해전장,1820,95,5.51,1750,1900,1750,499933,920250060,32760000000,18000000
009580,동해펄프,2385,0,0,0,0,0,0,0,49331726370,20684162
000020,동화약품,28100,-350,-1.23,28050,28200,27850,13248,371698300,156974861400,5586294
000150,두산,57800,3800,7.04,54900,57900,54000,202697,11493595500,1379683745800,23869961
000155,두산(1우B),22500,1000,4.65,21900,23900,21900,1390,31204500,106467457500,4731887
000157,두산(2우B),21600,100,0.47,22500,22600,21600,136,2995600,22419223200,1037927
011160,두산산업개발,13800,650,4.94,13700,14000,13400,1856703,25548728000,1269617981400,92001303
042670,두산인프라코어,21050,500,2.43,20600,21150,20550,969046,20271603800,3539712933200,168157384
034020,두산중공업,47100,1250,2.73,45200,47350,45100,297918,13787958800,4917202320000,104399200
024090,디씨엠,4030,20,0.5,4140,4140,4010,3840,15495500,47151000000,11700000
003160,디아이,2360,65,2.83,2300,2380,2285,250020,587040700,72576973800,30752955
004820,디지털월드,3935,15,0.38,3875,3970,3820,78011,304319235,32449316420,8246332
026890,디피씨,1425,-40,-2.73,1420,1445,1415,157290,224128850,59391399375,41678175
000320,디피아이홀딩스,9280,-180,-1.9,9300,9580,9250,7440,69408200,91142295040,9821368
000325,디피아이홀딩스(1우B),6730,-60,-0.88,6790,6890,6210,4610,29992800,1246732500,185250
016160,라딕스,1420,-30,-2.07,1450,1490,1410,52890,76473050,30233007000,21290850
000420,로케트전기,3350,150,4.69,3550,3600,3250,579850,2001155400,19829219500,5919170
000425,로케트전기(1우B),1535,-60,-3.76,1625,1700,1535,40623,67915555,1306309560,851016
032350,롯데관광개발,18450,-200,-1.07,18500,18700,18400,23468,434185100,184500000000,10000000
004010,롯데미도파,15150,150,1,15000,15400,14900,165580,2517266600,986997078300,65148322
002270,롯데삼강,162500,0,0,160000,163000,159000,4376,704134000,204626987500,1259243
023530,롯데쇼핑,356000,1000,0.28,355500,359500,353500,35532,12648823500,10339441144000,29043374
004990,롯데제과,1292000,7000,0.54,1290000,1295000,1277000,362,467509000,1836448800000,1421400
005300,롯데칠성,1316000,-14000,-1.05,1340000,1340000,1310000,920,1220413000,1628159148000,1237203
005305,롯데칠성(1우B),618000,0,0,0,0,0,0,0,74160000000,120000
079430,리바트,12050,-150,-1.23,12200,12250,12050,41494,505955200,106040000000,8800000
072450,리얼티1,10000,1020,11.36,9000,10000,8990,30264,288636900,132000000000,13200000
027740,마니커,1135,0,0,1140,1140,1120,395940,447203100,51069495250,44995150
001080,만호제강,49000,-200,-0.41,49000,49900,48700,350,17239500,40670000000,830000
076850,맥쿼리센트럴,7100,0,0,7100,7120,7080,4980,35305900,108350260000,15260600
088980,맥쿼리인프라,7100,0,0,7130,7130,7090,407960,2897540300,2296780448400,323490204
094520,맵스베트남1,4995,-55,-1.09,5030,5040,4980,29860,149478850,121682300895,24360821
012420,메리츠종금,1480,-10,-0.67,1490,1490,1470,72550,107285450,88800000000,60000000
008560,메리츠증권,9100,0,0,9150,9370,9020,413063,3793712710,317424725800,34881838
000060,메리츠화재,7080,340,5.04,6770,7130,6700,1864120,12995614800,607464000000,85800000
011400,명성,4225,-745,-14.99,4255,4700,4225,96960,414839700,10366333250,2453570
012690,모나리자,1255,45,3.72,1230,1260,1215,262700,324159900,45896925025,36571255
005360,모나미,11700,50,0.43,11800,11850,11500,32183,375937100,31668156000,2706680
009680,모토닉,48250,0,0,48250,48250,48250,50,2412500,159225000000,3300000
009200,무림페이퍼,8150,-90,-1.09,8250,8300,7970,65510,530124400,157344478650,19306071
023150,무학주정,4055,-20,-0.49,4075,4125,4030,26790,108958600,28385000000,7000000
008420,문배철강,1425,-10,-0.7,1440,1480,1425,164101,236601825,29217494625,20503505
025560,미래산업,555,0,0,550,560,550,1260200,700965200,102049792500,183873500
037620,미래에셋증권,71900,-100,-0.14,72000,72800,71000,107231,7692179000,1940221500000,26985000
008600,미래와사람,3120,120,4,3000,3240,2980,206170,644750800,39091191360,12529228
002840,미원상사,29200,200,0.69,29200,29200,28750,250,7287500,61320000000,2100000
003650,미창석유,17800,700,4.09,17300,17850,17200,10350,182277500,30966161600,1739672
092630,바다로3호,5170,0,0,0,0,0,0,0,9170230630,1773739
003610,방림,17300,-200,-1.14,17650,17650,17300,8452,148198600,73203375700,4231409
011800,배명금속,960,15,1.59,950,980,925,315380,301694400,21120000000,22000000
001340,백광산업,18700,700,3.89,18000,18700,18000,1510,27238000,37119425200,1984996
014580,백광소재,15500,-250,-1.59,15800,15800,15350,4640,71660000,42753805000,2758310
035150,백산,1495,-5,-0.33,1465,1495,1465,1970,2887150,36179000000,24200000
002410,범양건영,11050,-50,-0.45,11100,11100,10850,43040,471084000,83895555900,7592358
084870,베이직하우스,13800,-200,-1.43,14300,14300,13650,19149,264177200,192227734800,13929546
007210,벽산,14300,0,0,13900,14300,13900,70,987000,98040800000,6856000
002530,벽산건설,8130,-120,-1.45,8300,8450,8100,148769,1236629470,222858259200,27411840
002535,벽산건설(1우B),4115,165,4.18,4115,4115,4115,10,41150,984019950,239130
002760,보락,8700,100,1.16,8500,8940,8400,2979,26139200,15312000000,1760000
003850,보령제약,37600,950,2.59,36800,37800,36500,6870,254544000,106784000000,2840000
004740,보루네오,7900,0,0,7900,8050,7800,19433,153930200,74843738900,9473891
000890,보해양조,19100,-200,-1.04,19150,19300,18950,9330,178131400,42068724100,2202551
000895,보해양조(1우B),1000000,0,0,0,0,0,0,0,2551000000,2551
005350,봉신,1135,-5,-0.44,1135,1140,1125,316485,357951475,85393331025,75236415
003000,부광약품,18100,-300,-1.63,18250,18500,18100,37597,685447700,444774920000,24573200
001270,부국증권,18050,100,0.56,18900,18900,17650,12480,226473500,187176442300,10369886
001275,부국증권(1우B),10050,-50,-0.5,10150,10200,10050,2035,20587250,30150000000,3000000
015350,부산가스,20700,-200,-0.96,20550,20700,20350,12650,260113500,227700000000,11000000
011390,부산산업,17600,-50,-0.28,16900,17600,16900,14440,249769500,18585600000,1056000
005280,부산은행,13850,350,2.59,13450,13900,13350,637745,8737352500,2031568552500,146683650
005030,부산주공,2445,15,0.62,2430,2460,2385,94510,229949200,17604000000,7200000
001290,브릿지증권,2780,-10,-0.36,2790,2940,2765,1262721,3597113080,139112709540,50040543
006490,비티아이,260,-10,-3.7,275,275,250,757789,194160350,10440476280,40155678
005180,빙그레,37300,-1300,-3.37,38600,39000,37200,34720,1323370000,367451289300,9851241
007160,사조산업,6260,50,0.81,6190,6270,6190,24410,152105300,31300000000,5000000
005090,삼광유리,19050,50,0.26,19000,19050,18700,3120,59157000,92476662900,4854418
005610,삼립식품,9740,-160,-1.62,9970,9970,9740,12061,118275840,84046547660,8629009
014900,삼보컴퓨터,1165,0,0,0,0,0,0,0,9359946685,8034289
001470,삼부토건,30000,-800,-2.6,30700,30900,29650,22346,673228500,227219160000,7573972
006400,삼성SDI,64600,-1000,-1.52,65100,65800,64500,129154,8394166000,2943068828600,45558341
006405,삼성SDI(1우B),41900,0,0,41750,42000,41750,1881,78784900,67789842400,1617896
006660,삼성공조,7650,60,0.79,7650,7700,7460,6430,48650600,62166302100,8126314
000830,삼성물산,31900,50,0.16,31850,32000,31550,544997,17334189450,4983346671600,156217764
000835,삼성물산(1우B),17150,-250,-1.44,17300,17350,17150,12612,217135800,79724398950,4648653
028050,삼성엔지니어링,51500,2700,5.53,49150,52000,49000,318240,16153535500,2060000000000,40000000
009150,삼성전기,37100,250,0.68,36850,37500,36550,604986,22395194100,2771136121600,74693696
009155,삼성전기(1우B),18750,100,0.54,18500,18750,18400,4990,93000000,54505950000,2906984
005930,삼성전자,583000,-10000,-1.69,587000,589000,579000,588859,343466202200,85875513471000,147299337
005935,삼성전자(1우B),452500,-7500,-1.63,459000,462000,452500,20093,9197168200,10332125717500,22833427
004000,삼성정밀화학,26700,-400,-1.48,27100,27200,26700,193893,5090315600,688860000000,25800000
001360,삼성제약,4255,-20,-0.47,4265,4300,4200,10060,42820500,32294313915,7589733
010140,삼성중공업,24800,550,2.27,24500,24900,24350,2756696,68020070750,5725639537600,230872562
010145,삼성중공업(1우B),27900,700,2.57,27200,27900,27200,390,10662000,3204175500,114845
016360,삼성증권,55800,-700,-1.24,56100,57600,55600,713483,40337017000,3729402207000,66835165
068290,삼성출판사,21100,-400,-1.86,21400,21400,20850,1230,26015000,21100000000,1000000
012450,삼성테크윈,35950,0,0,35900,36100,35400,366669,13079842350,2768150000000,77000000
000810,삼성화재,175000,6000,3.55,169000,175000,169000,280045,48649915500,8553096475000,48874837
000815,삼성화재(1우B),80500,2100,2.68,78400,80600,77400,20075,1580501300,265006000000,3292000
006110,삼아알미늄,24050,0,0,24050,24050,24050,20,481000,16589136850,689777
000070,삼양사,53700,200,0.37,53500,53800,53200,16108,861156800,528604756800,9843664
000075,삼양사(1우B),28200,200,0.71,28000,28200,27100,140,3906000,10916220000,387100
003230,삼양식품,19700,150,0.77,19350,19700,19350,2248,44009100,129873924500,6592585
008080,삼양옵틱스,1620,5,0.31,1615,1640,1595,103150,166628750,21194946000,13083300
003940,삼양제넥스,91300,0,0,91000,93000,90800,1479,134973400,272614222100,2985917
003945,삼양제넥스(1우B),38750,1450,3.89,38750,38750,38750,10,387500,10422858750,268977
008720,삼양중기,29500,-400,-1.34,29850,29850,29000,900,26265500,36447840000,1235520
002170,삼양통상,24050,-200,-0.82,24250,24250,23800,260,6236500,72150000000,3000000
002810,삼영무역,2800,0,0,2755,2835,2755,58449,163345700,43245717200,15444899
005680,삼영전자,8480,-50,-0.59,8530,8700,8440,29200,248786400,169600000000,20000000
004920,삼영홀딩스,9100,-100,-1.09,9270,9270,9100,3999,36679000,14560000000,1600000
003720,삼영화학,8200,180,2.24,8030,8200,8000,2530,20482300,27880000000,3400000
004380,삼익THK,3675,45,1.24,3630,3680,3620,75800,276471400,77175000000,21000000
002450,삼익악기,860,-20,-2.27,875,880,860,991241,861166320,60656588620,70530917
000520,삼일제약,23800,-250,-1.04,24100,24600,23500,45820,1090626000,130900000000,5500000
009770,삼정펄프,34750,350,1.02,34900,34950,34250,2730,94520000,44480000000,1280000
005500,삼진제약,48600,-150,-0.31,49200,49200,48000,5820,281821500,121500000000,2500000
004690,삼천리,144500,0,0,143000,146500,140000,8966,1292934500,585951112500,4055025
001880,삼호,11550,-450,-3.75,12000,12150,11500,40460,473632000,166320000000,14400000
011150,삼호F&G,1230,-5,-0.4,1215,1255,1215,112830,139006700,44194850790,35930773
011155,삼호F&G(1우B),1570,125,8.65,1570,1570,1570,10,15700,314000000,200000
010960,삼호개발,7450,970,14.97,7290,7450,6520,3638863,25815578080,106535000000,14300000
004450,삼화왕관,14800,100,0.68,14700,14800,14400,9580,139288000,55722814000,3765055
009470,삼화전기,3495,35,1.01,3460,3540,3460,78870,276143350,23115300900,6613820
011230,삼화전자,1475,-25,-1.67,1450,1520,1450,89953,132935275,8568127500,5808900
001820,삼화콘덴서,2750,130,4.96,2620,2840,2600,1345136,3708810870,28586250000,10395000
000390,삼화페인트,3115,-35,-1.11,3175,3175,3090,27740,86439350,69776000000,22400000
000360,삼환기업,21600,-300,-1.37,21700,21800,21450,22710,490364500,255426372000,11825295
000365,삼환기업(1우B),11500,-50,-0.43,11400,11550,11200,4911,55637000,16677231000,1450194
013700,삼환까뮤,6560,-260,-3.81,6790,6820,6560,773,5129580,29619895680,4515228
041650,상신브레이크,1690,-40,-2.31,1720,1730,1675,96916,163481090,36286750500,21471450
075180,새론오토모티브,5580,0,0,5660,5680,5540,56872,318222660,107136000000,19200000
008000,새한,5640,10,0.18,5700,5700,5560,72085,405853340,265289909520,47037218
005070,새한미디어,2370,-60,-2.47,2430,2495,2360,168540,403519200,99454454850,41963905
007540,샘표식품,24000,0,0,24050,24650,24000,17820,430696500,106656000000,4444000
001600,서광건설,4620,110,2.44,4665,4665,4430,3720,17162100,23948412180,5183639
017390,서울가스,66500,-500,-0.75,66000,67000,66000,201,13411000,332500000000,5000000
004410,서울식품,4560,-30,-0.65,4700,4700,4550,10582,48387470,22346508000,4900550
004415,서울식품(1우B),15000,300,2.04,15000,15000,15000,10,150000,667350000,44490
016560,서울저축은행,17550,-1400,-7.39,18000,18800,17550,200,3591500,44506800000,2536000
001200,서울증권,1545,-5,-0.32,1570,1590,1530,5082684,7929615935,409434517200,265006160
021050,서원,7750,340,4.59,7290,7750,7290,43890,336104800,21680307250,2797459
008490,서흥캅셀,5730,80,1.42,5740,5770,5630,30300,172458600,64207400400,11205480
007610,선도전기,2160,15,0.7,2145,2190,2120,143365,309334700,37960770960,17574431
014300,선진,38350,-150,-0.39,37900,38700,37800,1500,57357000,84370000000,2200000
002820,선창산업,34100,-200,-0.58,33500,34700,33400,6140,209150500,68200000000,2000000
014910,성문전자,1420,30,2.16,1390,1430,1370,621070,877695000,19342900620,13621761
014915,성문전자(1우B),960,5,0.52,940,960,940,1530,1450650,576000000,600000
003080,성보화학,31500,0,0,31200,31850,31000,1110,34770000,63063000000,2002000
004980,성신양회,16150,-50,-0.31,16200,16200,15700,70560,1118531000,309155816250,19142775
004985,성신양회(1우B),7030,-80,-1.13,7110,7110,7030,1320,9319800,5171584350,735645
004987,성신양회(2우B),12450,250,2.05,0,0,0,0,0,2747627850,220693
004989,성신양회(3우B),11650,-200,-1.69,11750,11750,11650,310,3641500,3342361700,286898
011300,성안,2975,25,0.85,2950,3000,2930,41650,123911250,16915213350,5685786
012090,성원건설,5560,-140,-2.46,5750,5750,5560,104131,586510940,193716660560,34841126
012095,성원건설(1우B),2865,-235,-7.58,2740,3085,2740,2300,6806950,1895237610,661514
005980,성지건설,17950,100,0.56,17850,18100,17700,46690,836216000,107700000000,6000000
000180,성창기업,22250,-1400,-5.92,23600,23950,22250,122766,2806660900,133500000000,6000000
002420,세기상사,32900,-1850,-5.32,33500,34200,32900,1700,56442500,12093776800,367592
027970,세림제지,19550,500,2.62,19000,19850,18900,117211,2279937550,382098396250,19544675
004360,세방,8750,-110,-1.24,8700,8850,8500,65270,562677200,147000000000,16800000
004365,세방(1우B),3735,-115,-2.99,3600,3765,3600,1300,4693950,13779348750,3689250
004367,세방(2우B),4995,0,0,4995,5000,4990,79610,397675750,12530906550,2508690
004490,세방전지,6660,-10,-0.15,6780,6780,6580,37340,248265800,93240000000,14000000
004230,세신,190,0,0,0,0,0,0,0,17360865630,91372977
001430,세아베스틸,16300,-200,-1.21,16500,16500,16200,447990,7197766000,584552539700,35862119
003030,세아제강,36000,700,1.98,35000,36000,35000,10666,379353500,192240000000,5340000
058650,세아홀딩스,84000,-2200,-2.55,85100,86300,83900,3654,311464700,302400000000,3600000
013000,세우글로벌,1200,5,0.42,1195,1230,1190,214702,258774300,24766101600,20638418
013005,세우글로벌(1우B),42700,900,2.15,44200,44200,39800,67,2826100,197871800,4634
091090,세원셀론텍,6590,-80,-1.2,6750,6750,6590,336940,2234392130,224526347940,34070766
021820,세원정공,33250,-250,-0.75,34250,34250,33250,570,19213500,33250000000,1000000
067830,세이브존I&C,1775,45,2.6,1745,1830,1745,426731,765799325,72847588625,41040895
033530,세종공업,4410,-90,-2,4500,4500,4390,46222,204376120,88440036300,20054430
013240,셀런,7370,160,2.22,7180,7450,7170,757861,5573444370,231684617120,31436176
007800,솔로몬저축은행,17700,800,4.73,17250,17800,16950,334044,5842588800,253146108000,14302040
004430,송원산업,4070,30,0.74,3990,4090,3990,37510,150391250,97680000000,24000000
004720,수도약품,1695,-5,-0.29,1700,1735,1695,905529,1545376500,115490520000,68136000
017550,수산중공업,845,-15,-1.74,860,885,840,1087890,937008350,42630748550,50450590
017555,수산중공업(1우B),62000,-6500,-9.49,66700,66700,62000,2,128700,63240000,1020
002200,수출포장,10200,150,1.49,10050,10200,9930,10900,109816900,40800000000,4000000
016590,신대양제지,12250,-100,-0.81,12350,12350,11950,1900,23007500,43988133000,3590868
029530,신도리코,53300,-900,-1.66,53300,54300,53300,15526,838458800,537265545700,10080029
079660,신동방,6750,-130,-1.89,6860,6890,6700,16275,110243250,48330000000,7160000
004970,신라교역,4370,80,1.86,4250,4380,4210,26710,114928100,61180000000,14000000
001970,신성건설,5100,0,0,5090,5150,5000,37730,191921000,45200769600,8862896
001975,신성건설(1우B),3300,-100,-2.94,3220,3300,3150,530,1745250,2171515500,658035
011930,신성이엔지,3470,-20,-0.57,3485,3520,3425,179440,622333500,122345260000,35258000
005390,신성통상,3570,85,2.44,3590,3590,3455,6203,21784750,51303895230,14370839
004170,신세계,543000,10000,1.88,533000,543000,533000,31202,16852605242,10241251500000,18860500
035510,신세계I&C,63100,1000,1.61,62100,63100,62100,5963,371177300,108532000000,1720000
034300,신세계건설,37450,-1050,-2.73,38700,38700,37150,3130,117765500,149800000000,4000000
005800,신영와코루,91000,0,0,89100,91000,89100,364,33102500,81900000000,900000
001720,신영증권,48800,-400,-0.81,49200,49300,48600,1770,86645000,458048365600,9386237
001725,신영증권(1우B),30000,-400,-1.32,30050,30050,30000,40,1200500,211612890000,7053763
025620,신우,1205,-30,-2.43,1245,1245,1200,53090,64026550,35448650235,29417967
009270,신원,22000,300,1.38,21700,22250,21450,18800,410789500,138087158000,6276689
009275,신원(1우B),23900,250,1.06,23850,23900,23850,40,955000,216868600,9074
014350,신일건업,8200,20,0.24,8300,8300,8200,810,6643000,49200000000,6000000
002700,신일산업,1380,45,3.37,1300,1380,1300,1461661,1966702630,41263651860,29901197
019170,신풍제약,23550,50,0.21,23500,23600,23150,4310,100427000,89576593350,3803677
019175,신풍제약(1우B),11000,-200,-1.79,11200,11200,11000,105,1165000,2420000000,220000
002870,신풍제지,10750,0,0,10700,10850,10600,18930,203552000,37580602500,3495870
005450,신한,4360,10,0.23,4205,4360,4205,19740,85224000,67983600840,15592569
055550,신한지주,57800,200,0.35,57600,58400,57100,1132148,65508621940,22054608089200,381567614
001770,신화실업,13900,200,1.46,13800,13900,13800,20,277000,12510000000,900000
004080,신흥,9000,-140,-1.53,9200,9200,8600,7260,64376700,90000000000,10000000
001500,신흥증권,12400,100,0.81,12500,12850,12300,73118,922089700,140118660800,11299892
001250,쌍용,16500,2150,14.98,16500,16500,16500,16281,268636500,88106056500,5339761
003410,쌍용양회,13200,200,1.54,13300,13300,13050,33008,434926100,985517755200,74660436
003415,쌍용양회(1우B),5950,60,1.02,5930,5950,5920,70,415200,1836985150,308737
003417,쌍용양회(2우B),20600,-200,-0.96,20800,20800,20600,100,2065000,311554400,15124
003419,쌍용양회(3우B),9140,-110,-1.19,8720,9140,8720,60,536600,1451477700,158805
00341A,쌍용양회(4우B),0,0,0,0,0,0,0,0,11425000000,1250000
00341D,쌍용양회(5우B),0,0,0,0,0,0,0,0,35737857000,3910050
003620,쌍용차,5990,0,0,6080,6080,5900,399275,2388140590,723619673800,120804620
004770,써니전자,34500,-2000,-5.48,36500,36500,31100,37248,1233474000,64860000000,1880000
008700,아남전자,4725,-25,-0.53,4790,4790,4620,17200,80222500,36039852450,7627482
008705,아남전자(1우B),50100,0,0,0,0,0,0,0,138726900,2769
090430,아모레퍼시픽,554000,1000,0.18,548000,557000,548000,6906,3810865000,3238600346000,5845849
090435,아모레퍼시픽(1우B),228500,-3500,-1.51,233500,234500,228000,41,9458000,241246415500,1055783
090370,아비스타,8510,-140,-1.62,8590,8600,8300,76100,641187400,85100000000,10000000
002030,아세아시멘트,43500,-400,-0.91,46450,46450,43500,990,43325000,206143411500,4738929
002310,아세아제지,13300,-200,-1.48,13500,13500,12900,46130,608352000,80354078000,6041660
009380,아세아페이퍼텍,7300,-110,-1.48,7490,7490,7220,67300,490853000,53631691100,7346807
009385,아세아페이퍼텍(1우B),3700,0,0,3600,3800,3600,4160,15380600,9048464700,2445531
083570,아시아10호,4425,0,0,4370,4425,4370,3020,13204000,11539979625,2607905
083580,아시아11호,4360,-20,-0.46,4360,4360,4360,760,3313600,11370465800,2607905
083590,아시아12호,4370,5,0.11,4370,4375,4370,2900,12673500,11396544850,2607905
083600,아시아13호,4420,0,0,0,0,0,0,0,11526940100,2607905
083610,아시아14호,4545,0,0,0,0,0,0,0,8845451730,1946194
083620,아시아15호,4450,0,0,0,0,0,0,0,8662294350,1946583
080180,아시아1호,4810,-70,-1.43,4805,4810,4805,3230,15520200,21957409500,4564950
081190,아시아2호,4740,-10,-0.21,4605,4740,4605,40,185550,8909469900,1879635
081200,아시아3호,4615,65,1.43,0,0,0,0,0,8674515525,1879635
081210,아시아4호,4650,-80,-1.69,4650,4650,4650,760,3534000,6142185000,1320900
082240,아시아5호,4680,-55,-1.16,0,0,0,0,0,14597107200,3119040
082250,아시아6호,4635,-10,-0.22,0,0,0,0,0,14456750400,3119040
082260,아시아7호,4565,25,0.55,0,0,0,0,0,14238417600,3119040
081930,아시아8호,4700,40,0.86,4700,4700,4700,620,2914000,11428708000,2431640
081940,아시아9호,4500,10,0.22,4500,4500,4500,1090,4905000,12022785000,2671730
012170,아이브릿지,220,25,12.82,220,220,220,1320502,290510340,13274407520,60338216
004870,아인스,410,5,1.23,415,415,395,294120,119437550,20929764870,51048207
003190,알앤엘바이오,3020,-75,-2.42,3080,3085,3005,313230,950929950,57299154600,18973230
006840,애경유화,18450,-150,-0.81,18600,18600,18250,14580,268052500,110700000000,6000000
011090,에넥스,7220,210,3,7110,7340,7100,15795,113748100,32832228000,4547400
008040,에스씨에프,4165,60,1.46,4055,4180,4055,89370,369759350,85107343440,20433936
005850,에스엘,6300,-50,-0.79,6420,6420,6300,15681,99367400,99079848000,15726960
012750,에스원,37500,250,0.67,37600,37950,37450,62891,2364722500,1424969175000,37999178
004060,에스지위카스,3000,190,6.76,2810,3075,2810,15678,45046650,60727488000,20242496
023960,에쓰씨엔지니어링,2805,20,0.72,2860,2860,2765,28690,80925200,28546434510,10176982
036570,엔씨소프트,53300,100,0.19,52700,53300,52300,86909,4596503800,1087416952700,20401819
000300,엠앤에스,7630,-1340,-14.94,9110,9930,7630,2178766,20330678680,301932559320,39571764
014440,영보화학,2180,5,0.23,2175,2180,2160,7428,16126040,43600000000,20000000
009970,영원무역,5080,-100,-1.93,5080,5180,5050,124170,632774100,259152826880,51014336
003520,영진약품,2080,0,0,2080,2110,2060,240869,503092975,194048695360,93292642
010600,영창실업,11500,-100,-0.86,11700,11950,11450,25990,301807000,20949515500,1821697
000670,영풍,245500,5500,2.29,236000,246000,236000,580,141700000,452220820000,1842040
006740,영풍제지,19950,350,1.79,19200,20000,19200,4820,94841000,44289000000,2220000
012280,영화금속,680,0,0,680,690,670,851250,577150100,19774631200,29080340
015360,예스코,29500,300,1.03,29700,29700,29000,3140,92828000,177000000000,6000000
007310,오뚜기,89700,0,0,89700,90400,89500,2472,222323400,308568000000,3440000
002630,오리엔트바이오,2200,-35,-1.57,2250,2250,2195,854460,1892463550,107639131600,48926878
001800,오리온,240000,14000,6.19,229000,241500,228000,53628,12629009500,1420513680000,5918807
006090,오양수산,8780,-150,-1.68,8930,8950,8750,18080,159084900,25110800000,2860000
045710,온미디어,8800,100,1.15,8710,8940,8710,705333,6236211800,1022102312000,116147990
004940,외환은행,14150,400,2.91,13750,14200,13750,1648205,23236988750,9125431587900,644906826
053000,우리금융,25800,200,0.78,25600,26050,25400,948258,24460361900,20795195772000,806015340
005940,우리투자증권,22100,550,2.55,21700,22200,21550,3264427,71954505200,2928556372300,132513863
005945,우리투자증권(1우B),13500,350,2.66,13250,13500,13150,534570,7172809500,254758068000,18870968
006210,우성넥스티어,1780,0,0,1750,1955,1695,10923558,20073376230,73922981700,41529765
006980,우성사료,1710,10,0.59,1745,1745,1680,39270,66973300,52839000000,30900000
017370,우신시스템,2050,-35,-1.68,2080,2080,2050,39110,80553900,20500000000,10000000
049800,우진세렉스,1685,5,0.3,1660,1695,1655,102888,173270380,16850000000,10000000
016880,웅진씽크빅,16750,-400,-2.33,16900,16950,16700,96711,1619896250,553075955000,33019460
021240,웅진코웨이,25700,0,0,25900,25900,25400,814548,20961543600,1911452740100,74375593
005820,원림,8500,-290,-3.3,8800,8800,8500,2740,23464000,18700000000,2200000
014830,유니드,19600,-100,-0.51,19600,20100,19550,16670,328172000,129067352400,6585069
007120,유니모테크,1825,-5,-0.27,1855,1860,1795,457890,840340700,31313158375,17157895
000910,유니온,18500,200,1.09,18500,18500,18300,2710,49907000,26312365000,1422290
003640,유니온스틸,22600,450,2.03,22200,23250,22200,7700,175656500,231876000000,10260000
011330,유니켐,1170,-15,-1.27,1185,1185,1170,271940,319675250,53779532040,45965412
077500,유니퀘스트,6990,100,1.45,6910,6990,6840,12030,83005300,90670666170,12971483
073470,유레스메리츠1,5340,-50,-0.93,5370,5370,5330,2480,13308700,53400000000,10000000
024870,유성금속,1475,0,0,1475,1485,1375,337622,492568000,21505500000,14580000
002920,유성기업,4250,-30,-0.7,4320,4320,4220,23880,101625850,107101615000,25200380
011690,유양정보,10750,-150,-1.38,11000,11000,10700,8461,91833250,38820432250,3611203
072130,유엔젤,7550,70,0.94,7590,7600,7520,112877,854013950,99014822300,13114546
000220,유유,18600,100,0.54,18500,18800,18400,15723,293447300,108464970000,5831450
000225,유유(1우B),7120,-220,-3,7110,7310,6990,2980,21101800,8070270800,1133465
000227,유유(2우B),7300,0,0,0,0,0,0,0,1197784000,164080
000100,유한양행,152500,5000,3.39,149000,153000,147000,40704,6084159500,1385320827500,9084071
000105,유한양행(1우B),138500,500,0.36,138000,138500,138000,2,276500,32712038000,236188
005690,유화,7270,-30,-0.41,7200,7270,7200,70,506200,9596400000,1320000
003460,유화증권,17900,150,0.85,17850,18100,17650,12510,224312500,202994645700,11340483
003465,유화증권(1우B),11000,100,0.92,10800,11100,10800,930,10094000,38448135000,3495285
008730,율촌화학,9390,-70,-0.74,9470,9470,9260,68990,644072100,232872000000,24800000
008250,이건산업,18650,50,0.27,18450,18850,18300,24314,451154100,99150002100,5316354
025820,이구산업,18700,-700,-3.61,19450,19450,18000,118416,2194855050,39838498700,2130401
007660,이수페타시스,1720,-20,-1.15,1730,1745,1700,286486,491548370,53320000000,31000000
005950,이수화학,8900,-130,-1.44,8920,8970,8860,4150,36907300,85157665300,9568277
015020,이스타코,1060,30,2.91,1025,1110,1025,252197,270956420,45422696000,42851600
074610,이엔쓰리,3230,420,14.95,2950,3230,2920,1094390,3446367950,73944493360,22893032
007190,이엔페이퍼,3770,-10,-0.26,3730,3775,3700,38900,144343750,89501526660,23740458
007195,이엔페이퍼(1우B),4020,45,1.13,4020,4020,4015,250,1004950,285456180,71009
000760,이화산업,4850,295,6.48,4540,4860,4410,5540,25573950,13580000000,2800000
023800,인지컨트롤스,5900,-50,-0.84,5950,6000,5890,47822,283202600,89444755200,15160128
034590,인천도시가스,23950,-100,-0.42,24100,24200,23900,8650,206993000,95800000000,4000000
020120,인큐브테크,4200,325,8.39,4200,4350,4020,20401,85059800,9057476400,2156542
023810,인팩,1775,-5,-0.28,1780,1795,1750,60020,105816000,17750000000,10000000
008540,일경,540,-10,-1.82,550,560,535,2847965,1559931550,19276546860,35697309
000230,일동제약,41900,-100,-0.24,42000,42200,41800,3590,150324000,163196142400,3894896
013360,일성건설,6960,-110,-1.56,7070,7070,6930,5412,37741220,32513271120,4671447
013365,일성건설(1우B),4930,0,0,4930,4930,4930,10,49300,2867662680,581676
003120,일성신약,88900,300,0.34,90000,90000,87500,2479,219093100,236474000000,2660000
003200,일신방직,53800,-500,-0.92,54300,54300,50100,1848,96042300,129120000000,2400000
007110,일신석재,405,35,9.46,370,425,365,3118130,1246112150,31369927050,77456610
007570,일양약품,25400,-600,-2.31,26650,27450,25000,333237,8685678300,358204160400,14102526
007575,일양약품(1우B),12000,0,0,12950,12950,11500,1190,14396500,5340960000,445080
008500,일정실업,19900,-100,-0.5,20000,20000,19900,110,2199000,23880000000,1200000
081000,일진다이아,14700,-100,-0.68,14650,14950,14650,4858,71797100,64680000000,4400000
020760,일진디스플,12850,50,0.39,12700,13100,12500,5940,74926000,32387589750,2520435
015860,일진전기,3140,-25,-0.79,3160,3185,3110,298415,936638230,124460145460,39636989
033240,자화전자,7250,150,2.11,7110,7250,7100,123407,883967750,129195000000,17820000
009720,전기초자,19300,-150,-0.77,19450,19450,19100,12280,235938500,155816137500,8073375
000950,전방,32600,-400,-1.21,32600,32600,32600,10,326000,54768000000,1680000
006350,전북은행,8860,-70,-0.78,8960,8960,8840,100561,892418960,315720278980,35634343
069470,제로원인터랙티브,1465,0,0,1455,1485,1445,75450,109773650,50579120605,34524997
030000,제일기획,234000,7500,3.31,227500,234500,226500,15203,3510003500,1076785866000,4601649
001300,제일모직,39800,150,0.38,39200,39800,38950,171745,6786834000,1990000000000,50000000
002620,제일약품,7090,-20,-0.28,7100,7100,7040,15800,111322200,105286500000,14850000
001560,제일연마,5730,10,0.17,5670,5740,5620,7070,40070500,28650000000,5000000
024100,제일저축은행,10650,250,2.4,10200,10700,10200,75860,787586000,78810000000,7400000
000610,제일화재,4415,105,2.44,4260,4455,4260,211800,933525200,118208861210,26774374
006220,제주은행,7600,30,0.4,7510,7600,7500,5171,38926500,118018682400,15528774
004910,조광페인트,2640,20,0.76,2615,2650,2600,22710,59725350,33792000000,12800000
004700,조광피혁,7530,30,0.4,7450,7530,7330,24243,179720390,50068009140,6649138
001550,조비,1990,10,0.51,1970,2070,1955,18706,37635740,9353000000,4700000
000480,조선내화,57900,-100,-0.17,57200,57900,56500,1889,107865900,231600000000,4000000
000590,조선선재,48150,-350,-0.72,48500,48500,48100,175,8451250,28890000000,600000
018470,조일알미늄,12100,100,0.83,11950,12100,11950,4500,53974000,84216000000,6960000
002600,조흥,48900,200,0.41,45800,48900,45800,40,1894000,29340000000,600000
001630,종근당,31350,750,2.45,30500,31350,30300,113010,3493243000,387172500000,12350000
063160,종근당바이오,4615,-55,-1.18,4700,4715,4615,20414,94886660,24134091735,5229489
044380,주연테크,2485,-140,-5.33,2575,2650,2450,525717,1316621185,35535500000,14300000
015110,중앙건설,13900,50,0.36,13850,14100,13750,45420,633090000,91597483300,6589747
001060,중외제약,39300,-350,-0.88,39300,39500,38800,39285,1534581000,263930547000,6715790
001065,중외제약(1우B),24800,-100,-0.4,24800,24800,24800,10,248000,2527244000,101905
001067,중외제약(2우B),27900,-1800,-6.06,28800,28800,27900,120,3361000,721354500,25855
007630,지에스인스트루,4940,-60,-1.2,4920,4980,4810,6070,29639600,20416936020,4132983
010580,지코,1485,-20,-1.33,1540,1540,1480,454317,681877245,41153329800,27712680
088790,진도에프앤,3800,340,9.83,3430,3975,3430,479060,1857863100,29797586000,7841470
003780,진양,1350,55,4.25,1315,1390,1280,910820,1186951350,36490500000,27030000
051630,진양화학,16950,-250,-1.45,17300,17400,16900,29010,494325000,40680000000,2400000
002780,진흥기업,1475,-160,-9.79,1635,1690,1455,5937837,9588090585,85839110325,58196007
002785,진흥기업(1우B),920,-55,-5.64,895,1000,895,45380,44818900,9200000000,10000000
002787,진흥기업(2우B),785,-60,-7.1,830,850,765,164535,134098325,3297000000,4200000
007200,진흥저축은행,6000,-20,-0.33,6030,6040,5950,21280,127539700,150000000000,25000000
009310,참앤씨,4820,-100,-2.03,4860,4930,4790,153690,746100850,77099982540,15995847
000650,천일고속,43000,-1000,-2.27,44000,44000,43000,1590,68752000,54696000000,1272000
012410,청호전자통신,7270,-20,-0.27,7340,7490,7160,4195,30528150,15267000000,2100000
012600,청호컴넷,17800,-450,-2.47,18150,18150,17800,34435,617096000,100722759600,5658582
033250,체시스,1290,-5,-0.39,1290,1305,1285,81880,105980350,18111600000,14040000
001380,충남방적,2365,0,0,0,0,0,0,0,10860120205,4592017
001385,충남방적(1우B),747000,0,0,0,0,0,0,0,24651000,33
005330,카스코,26700,-600,-2.2,28000,28100,26500,76140,2064738500,128454020400,4811012
006380,카프로,2570,120,4.9,2465,2590,2465,147594,374960180,102800000000,40000000
004620,캠브리지,19050,450,2.42,18800,19200,18800,3320,63076500,52067536200,2733204
011050,케드콤,415,10,2.47,415,425,405,2867856,1190820905,23359745345,56288543
029460,케이씨텍,3625,-10,-0.28,3635,3700,3600,61117,222860275,98318700000,27122400
007460,케이아이씨,3925,175,4.67,3750,3970,3680,39857,154300525,33755000000,8600000
009690,케이엠에이치,3950,0,0,3900,4340,3805,119712,476546350,56110784900,14205262
009810,케이피앤엘,500,5,1.01,505,540,500,1477380,759533250,35798598000,71597196
009815,케이피앤엘(1우B),38450,-1350,-3.39,37200,38450,37050,60,2263000,66826100,1738
064420,케이피케미칼,5310,330,6.63,4980,5500,4980,860305,4538670150,515971069830,97169693
090970,코리아01호,5050,10,0.2,5050,5050,5050,550,2777500,11064954000,2191080
090980,코리아02호,5050,10,0.2,5050,5050,5050,550,2777500,11064954000,2191080
090990,코리아03호,5050,10,0.2,5050,5050,5050,500,2525000,11064954000,2191080
091000,코리아04호,5050,10,0.2,5050,5050,5050,500,2525000,11064954000,2191080
093400,코리아05호,5120,0,0,5120,5120,5120,10,51200,9582592000,1871600
093410,코리아06호,5040,0,0,5040,5040,5040,320,1612800,16790497920,3331448
007810,코리아써키트,4190,-105,-2.44,4300,4330,4190,129260,549284700,78496842700,18734330
007815,코리아써키트(1우B),1900,-10,-0.52,1935,1935,1880,4800,9118650,5632911000,2964690
003690,코리안리,13550,350,2.65,13100,13800,13100,591267,7984805250,1516777230450,111939279
044820,코스맥스,4275,-155,-3.5,4430,4430,4275,45870,198562150,46478971350,10872274
005420,코스모화학,3530,-40,-1.12,3600,3610,3510,24401,86653715,38482556220,10901574
071950,코아스웰,9100,0,0,0,0,0,0,0,54891109000,6031990
002020,코오롱,14750,-100,-0.67,15000,15150,14700,185030,2764905500,243722893500,16523586
002025,코오롱(1우B),6940,50,0.73,6900,6940,6720,8800,60537300,26679101940,3844251
002027,코오롱(2우B),14000,0,0,14000,14000,14000,100,1400000,2435118000,173937
003070,코오롱건설,15450,-300,-1.9,15750,15750,15300,254895,3951335750,349411468050,22615629
003075,코오롱건설(1우B),7940,-80,-1,8150,8150,7880,12756,101297940,12418294980,1564017
011020,코오롱유화,13600,50,0.37,13550,13800,13550,22759,310061400,126382080000,9292800
067910,코크렙1,11950,-200,-1.65,12000,12200,10350,112660,1306706000,317870000000,26600000
086720,코크렙7호,6550,-10,-0.15,6530,6550,6400,1950,12766900,78600000000,12000000
090540,코크렙8호,5080,-20,-0.39,5100,5100,5080,18700,95229700,46736000000,9200000
073530,코크렙III,9050,-50,-0.55,8980,9050,8460,22060,192974200,123080000000,13600000
031820,콤텍시스템,1110,15,1.37,1090,1115,1080,385613,423643280,32381098710,29172161
015260,큐엔텍코리아,685,5,0.74,685,695,675,664550,455658050,34097527220,49777412
005740,크라운제과,111500,500,0.45,111000,111500,109500,2520,279457000,155879676000,1398024
005745,크라운제과(1우B),48500,-100,-0.21,0,0,0,0,0,4414227500,91015
015890,태경산업,2425,-25,-1.02,2450,2465,2415,74992,182186650,70879718750,29228750
006890,태경화학,2065,-5,-0.24,2070,2090,2050,43640,89938300,23954000000,11600000
003240,태광산업,787000,-5000,-0.63,802000,808000,786000,226,179563000,876245800000,1113400
011280,태림포장,8430,-20,-0.24,8450,8640,8410,2710,22900700,59689407420,7080594
004100,태양금속,6180,0,0,6120,6400,6100,4970,30482100,22680600000,3670000
004105,태양금속(1우B),3245,-140,-4.14,3280,3885,3110,1590,5129100,1070850000,330000
009410,태영,65500,100,0.15,65400,65800,64600,13752,899760900,500420000000,7640000
009415,태영(1우B),26000,-900,-3.35,26000,26000,26000,70,1820000,6649448000,255748
001420,태원물산,19150,150,0.79,18900,19200,18850,2290,43369000,12639000000,660000
007490,태창기업,9420,-250,-2.59,9500,9660,9420,870,8260100,9849655620,1045611
002790,태평양,151000,3000,2.03,147000,155000,147000,15703,2384272500,1204843798000,7979098
002795,태평양(1우B),67900,1400,2.11,66000,68600,66000,418,28262400,43753198300,644377
002797,태평양(2우B),102500,0,0,0,0,0,0,0,27338800000,266720
007980,태평양물산,10000,160,1.63,10300,10300,9900,2150,21459400,23970000000,2397000
016570,태평양제약,37800,50,0.13,37500,38000,37500,6570,249072500,79718196600,2108947
016575,태평양제약(1우B),19400,-50,-0.26,0,0,0,0,0,4268000000,220000
015540,텔레윈,480,-5,-1.03,485,490,475,504731,242302480,19760210880,41167106
015545,텔레윈(1우B),1500000,0,0,0,0,0,0,0,25500000,17
078000,텔코웨어,11400,100,0.88,11100,11400,11100,67430,763162000,114548123400,10048081
012580,톰보이,6400,120,1.91,6400,6880,6300,7000,44517500,22241920000,3475300
008900,트라이브랜즈,5350,50,0.94,5320,5650,5250,285390,1549412300,128301602800,23981608
012400,티비케이,505,10,2.02,495,525,490,4627586,2368926860,34080935505,67487001
012405,티비케이(1우B),1440,-5,-0.35,1440,1440,1350,50,71000,345600000,240000
025930,팬택,935,-160,-14.61,960,990,935,1073359,1015291525,105323323710,112645266
063350,팬택앤큐리텔,440,-75,-14.56,450,495,440,3559676,1594893465,73205512600,166376165
010820,퍼스텍,1135,20,1.79,1115,1160,1105,1316277,1495850145,52510593400,46264840
016800,퍼시스,23100,-250,-1.07,23150,23350,23050,3170,73493000,288750000000,12500000
001020,페이퍼코리아,5670,-50,-0.87,5740,5740,5610,59540,336825300,56564010720,9976016
090080,평화산업,3245,0,0,3245,3245,3170,8380,26922450,64900000000,20000000
010770,평화홀딩스,3940,-60,-1.5,3995,4050,3935,19700,78221300,39400000000,10000000
025000,포리올,48850,-50,-0.1,48750,48850,48750,200,9762500,205170000000,4200000
058430,포항강판,16750,100,0.6,16700,17000,16700,9060,151987500,100500000000,6000000
017810,풀무원,30500,-200,-0.65,30150,30500,30100,13331,405515000,157366824000,5159568
001310,풍림산업,7860,-100,-1.26,8000,8140,7860,207271,1662483900,169147200000,21520000
005810,풍산,20600,800,4.04,20000,20600,19800,684633,13876503300,659200000000,32000000
017170,프라임엔터,1300,-30,-2.26,1335,1335,1280,620582,805760350,73280736100,56369797
033180,필룩스,1480,0,0,1480,1490,1450,213303,312214340,32904715680,22232916
086790,하나금융지주,54400,900,1.68,53500,54400,53000,738472,39661964500,11524726659200,211851593
000660,하이닉스,32600,300,0.93,32300,32750,31900,4022813,129770779100,14967593272800,459128628
071090,하이스틸,15300,100,0.66,15300,15300,15300,260,3978000,20807143200,1359944
019490,하이트론,4300,100,2.38,4390,4400,4185,15058,64573000,23782160500,5530735
000140,하이트맥주,105000,-1500,-1.41,106500,107500,104500,122377,12945743500,2225706840000,21197208
000145,하이트맥주(1우B),44500,-500,-1.11,44700,44700,44100,490,21769000,37546652500,843745
036460,한국가스공사,37050,-700,-1.85,37300,37600,36950,205170,7624444000,2863391095500,77284510
010460,한국개발금융,53900,-800,-1.46,54700,54700,52300,7743,411266700,228137301700,4232603
005430,한국공항,40000,1400,3.63,38200,40500,38200,15428,608655200,126654200000,3166355
071050,한국금융지주,52100,600,1.17,52300,52400,51100,287519,14916531900,2754850280500,52876205
071055,한국금융지주(1우B),24200,200,0.83,24400,24800,23500,112710,2709069000,141769674200,5858251
071057,한국금융지주(2우B),40000,1600,4.17,38400,40000,37650,7440,289396500,113991480000,2849787
008320,한국기술산업,770,-10,-1.28,775,790,770,1468378,1139725960,50422598380,65483894
010040,한국내화,1790,-50,-2.72,1810,1850,1780,22520,40546450,19804560000,11064000
025540,한국단자,16200,-100,-0.61,16100,16250,15750,27410,439126500,168723000000,10415000
004090,한국석유,23400,1200,5.41,21800,24000,21800,9082,209751800,15331680000,655200
002960,한국쉘석유,59800,-100,-0.17,60100,60100,59600,3980,237973900,77740000000,1300000
003060,한국슈넬제약,1705,-35,-2.01,1725,1755,1680,516399,881753445,51422800000,30160000
002000,한국유리,35700,-500,-1.38,35950,36450,35600,1010,36456000,359843862000,10079660
002005,한국유리(1우B),21100,-100,-0.47,21100,21100,21100,1020,21522000,9595583700,454767
093820,한국유전15-1,5100,-10,-0.2,5100,5120,5100,411363,2152787320,208182000000,40820000
025610,한국저축은행,19200,150,0.79,19050,19300,18900,4340,82901500,134400000000,7000000
015760,한국전력,39800,-750,-1.85,40100,40200,39450,1789976,70997655150,25534394937600,641567712
002300,한국제지,28000,300,1.08,27700,28150,27500,16474,459452000,140138572000,5004949
025890,한국주강,2480,-30,-1.2,2555,2555,2470,30135,75017850,26730779200,10778540
000970,한국주철관,3925,-25,-0.63,3950,3950,3895,57327,223745775,89491962500,22800500
001940,한국철강,38250,-450,-1.16,38500,39650,37850,9370,358384500,459000000000,12000000
017960,한국카본,8030,80,1.01,8010,8110,7990,347626,2801282480,236885000000,29500000
009440,한국코트렐,3810,185,5.1,3595,3995,3595,570112,2161223420,64770000000,17000000
024720,한국콜마,3795,10,0.26,3730,3805,3730,121941,459225345,77837116005,20510439
000240,한국타이어,15600,-250,-1.58,15700,15750,15400,524921,8158477050,2374162892400,152189929
007280,한국특수형강,32750,50,0.15,32700,32850,32100,650,21253000,32750000000,1000000
010640,한국폴리,12350,1600,14.88,11100,12350,11100,283029,3391609050,17907500000,1450000
010100,한국프랜지,10500,-150,-1.41,10600,10650,10500,17606,185426000,63945882000,6090084
025830,한국합섬,2840,0,0,0,0,0,0,0,25304400000,8910000
003350,한국화장품,2670,-10,-0.37,2650,2670,2625,36470,96431650,55002000000,20600000
011500,한농화성,16800,-200,-1.18,17000,17000,16800,700,11790000,24192000000,1440000
002390,한독약품,14950,50,0.34,14900,15000,14800,890,13289000,173420000000,11600000
014790,한라건설,21500,-450,-2.05,21950,22450,21500,14297,315730500,207196704000,9637056
018880,한라공조,10700,0,0,10600,10700,10450,180995,1911606500,1142332000000,106760000
042700,한미반도체,7220,130,1.83,7190,7320,7150,246054,1781270880,173280000000,24000000
008930,한미약품,119500,8000,7.17,112000,119500,110500,106562,12369631500,991669913500,8298493
021960,한미캐피탈,8540,-210,-2.4,8740,8740,8530,27922,240215880,138135277140,16175091
009240,한샘,7850,110,1.42,7760,7860,7730,30206,235538000,184741334800,23533928
020000,한섬,14350,200,1.41,14250,14450,14100,83538,1194320300,461058267600,32129496
003680,한성기업,5040,-10,-0.2,5030,5080,5020,40554,204678960,26083204560,5175239
016450,한세실업,2800,-125,-4.27,2915,2940,2785,303100,859579300,112000000000,40000000
009180,한솔CSN,3540,-40,-1.12,3580,3580,3500,695170,2453358400,174126259860,49188209
004710,한솔LCD,45850,1850,4.2,44000,45900,43250,170764,7729891900,290150904400,6328264
004150,한솔제지,14400,350,2.49,13900,14450,13900,309020,4389129000,628192368000,43624470
014680,한솔케미칼,7880,30,0.38,7820,7900,7810,50595,397445100,89006136600,11295195
010420,한솔텔레컴,2755,100,3.77,2660,2770,2635,111200,301339150,17824712250,6469950
025750,한솔홈데코,1150,-30,-2.54,1180,1180,1145,273560,316424650,62785923250,54596455
004960,한신공영,18250,300,1.67,17950,18250,17850,6950,125437000,180828135750,9908391
004965,한신공영(1우B),47450,150,0.32,46150,47450,46000,100,4618000,169491400,3572
011700,한신기계,935,25,2.75,930,945,915,756990,704147550,26741000000,28600000
034310,한신정,18100,450,2.55,17900,18200,17800,6392,114999700,121270000000,6700000
001750,한양증권,13250,100,0.76,13500,13700,13100,150923,2029488750,168653075500,12728534
001755,한양증권(1우B),7920,80,1.02,7850,7980,7800,9750,77364600,4158000000,525000
009420,한올제약,2080,70,3.48,2010,2090,2010,427241,881626130,76960000000,37000000
014130,한익스프레스,16200,-800,-4.71,17550,19550,16200,369269,6619078500,19440000000,1200000
006440,한일건설,15550,-50,-0.32,15700,15850,15250,56300,881680500,123577498300,7947106
003300,한일시멘트,80900,-600,-0.74,81500,81500,80200,11612,938586100,610415821700,7545313
007860,한일이화,2440,-10,-0.41,2435,2475,2400,199198,485246420,91339809120,37434348
002220,한일철강,22300,400,1.83,22100,22300,21800,700,15401000,45492000000,2040000
002320,한진,30300,300,1,30000,30650,29550,113149,3418921700,362832076800,11974656
003480,한진중공업,31100,400,1.3,30700,31300,30550,461085,14311010000,2016699683900,64845649
000700,한진해운,34250,450,1.33,33800,34800,33750,381904,13015651500,2456209500500,71714146
005110,한창,1050,10,0.96,1040,1065,1020,534530,559324800,34826938650,33168513
009460,한창제지,510,0,0,505,515,500,295890,150184000,20679143400,40547340
000880,한화,35050,-300,-0.85,35050,35300,34850,458058,16052921400,2627303661750,74958735
000885,한화(1우B),17000,-350,-2.02,17500,17500,17000,740,12627000,8147998000,479294
009830,한화석화,13650,150,1.11,13600,13850,13500,816447,11174741050,1363381656000,99881440
009835,한화석화(1우B),6910,30,0.44,6900,6980,6900,490,3383200,7765022670,1123737
000370,한화손해보험,9950,450,4.74,9500,10100,9220,135478,1316979500,153998577800,15477244
003530,한화증권,10900,100,0.93,10950,11150,10800,767925,8464043700,407176595900,37355651
003535,한화증권(1우B),6690,140,2.14,6600,6700,6520,23250,154230900,32112000000,4800000
027390,한화타임월드,15000,-150,-0.99,15150,15300,15000,4511,67911000,90000000000,6000000
016510,현대DSF,9190,-90,-0.97,9280,9300,9190,10800,99477800,82710000000,9000000
089470,현대EP,30700,-900,-2.85,31500,31700,30700,58751,1823759700,79206000000,2580000
005440,현대H&S,63000,1000,1.61,62500,63000,61600,80718,5038115600,356512653000,5658931
000720,현대건설,54900,0,0,55000,55900,54100,570921,31538916800,6074230428000,110641720
000725,현대건설(1우B),25300,-50,-0.2,24750,25300,24700,70,1746000,2501056800,98856
083160,현대경매일호,4205,10,0.24,4195,4205,4180,2490,10434850,126654600000,30120000
018410,현대금속,2025,5,0.25,2095,2095,2020,84032,171417100,25248795525,12468541
018415,현대금속(1우B),95200,12300,14.84,82900,95200,72300,73,6256700,107956800,1134
018417,현대금속(2우B),2890,-145,-4.78,3010,3040,2735,4450,12870650,460498380,159342
012330,현대모비스,82200,200,0.24,81600,82200,80600,304527,24819662700,7053744098400,85811972
012335,현대모비스(1우B),44700,0,0,0,0,0,0,0,1137972600,25458
010620,현대미포조선,158500,6000,3.93,153500,159500,152500,153447,24221473500,3170000000000,20000000
069960,현대백화점,86300,3300,3.98,83000,86300,83000,93780,7993822700,1955842962600,22663302
012630,현대산업,60000,-2000,-3.23,62200,62200,59600,159686,9702618300,4523050800000,75384180
011760,현대상사,20600,-550,-2.6,21150,21250,20550,11471,237318100,459993921200,22329802
011200,현대상선,20650,150,0.73,20600,21050,20500,592126,12270083400,2747962178850,133073229
006390,현대시멘트,33000,-400,-1.2,32750,33250,32650,1640,54082000,242352000000,7344000
004310,현대약품,23600,0,0,23450,23800,23400,6690,157176500,66080000000,2800000
017800,현대엘리베이,70700,-300,-0.42,70200,71800,70200,3608,256094900,504268669100,7132513
042100,현대오토넷,8030,150,1.9,7870,8050,7760,2430700,19340250710,1861298576940,231793098
004020,현대제철,34200,300,0.88,34250,34600,33800,1293911,44308875900,2903508829800,84897919
004025,현대제철(1우B),27750,50,0.18,27500,27750,27500,540,14877500,11559429000,416556
009540,현대중공업,164000,-2000,-1.2,167000,169500,164000,270111,45077779000,12464000000000,76000000
003450,현대증권,14250,300,2.15,14100,14450,14050,3899845,55607729600,1985786277750,139353423
005380,현대차,70900,-1000,-1.39,71000,71200,69900,1763187,124293008400,15560157479500,219466255
005385,현대차(1우B),37950,-1250,-3.19,38900,38900,37850,51340,1963429500,952923816900,25109982
005387,현대차(2우B),39800,-1100,-2.69,40100,40400,39400,43782,1739857500,1497031827000,37613865
005389,현대차(3우B),34800,-1450,-4,36300,36300,34750,6210,217348000,86244805200,2478299
011720,현대페인트,11650,0,0,11600,11650,11350,13440,154563000,29353491450,2519613
010520,현대하이스코,9510,-130,-1.35,9520,9660,9460,246781,2357027610,762702000000,80200000
001450,현대해상,13500,800,6.3,12700,13500,12600,3047173,39806830000,1206900000000,89400000
003010,혜인,3280,200,6.49,3080,3510,3080,1862161,6186247190,40767513600,12429120
011170,호남석유,83700,-1100,-1.3,84200,84500,83600,29617,2486113400,2666682000000,31860000
008770,호텔신라,14650,-150,-1.01,14800,14800,14550,158560,2317869500,574984972650,39248121
008775,호텔신라(1우B),8010,-50,-0.62,8060,8060,8000,3270,26163600,6022550790,751879
002460,화성산업,16500,-200,-1.2,16700,16950,16450,74414,1244029000,205438200000,12450800
013520,화승알앤에이,10550,-300,-2.76,10850,10850,10550,12826,136222800,63300000000,6000000
006060,화승인더,9240,-10,-0.11,9200,9270,9030,8850,80637200,27720000000,3000000
010690,화신,2480,200,8.77,2285,2530,2280,197200,481332500,69440000000,28000000
025850,화인케미칼,18700,-100,-0.53,19000,19000,18200,10567,195626900,46750000000,2500000
010660,화천기계,15200,100,0.66,15200,15350,15100,3070,46747500,33440000000,2200000
000850,화천기공,28350,-450,-1.56,27850,29000,27850,2970,84551000,62370000000,2200000
016580,환인제약,17400,0,0,17400,17400,17200,4440,76700500,168780609000,9700035
004800,효성,28600,0,0,28600,28900,28200,139075,3977860500,999407723600,34944326
000040,효성기계,720,5,0.7,715,725,705,518520,371135950,74121810480,102946959
093370,후성,2120,0,0,2100,2185,2055,2121455,4497891400,153917751560,72602713
037270,휘닉스컴,17650,-250,-1.4,18200,18500,17650,3245,58214250,41918750000,2375000
005870,휴니드,1060,40,3.92,1035,1090,1025,3645927,3855982675,104585082320,98665172
005010,휴스틸,14800,-200,-1.33,15050,15100,14800,32930,490531500,102395531600,6918617
069260,휴켐스,9670,220,2.33,9470,9840,9470,111418,1078656460,205883312440,21290932
000540,흥국쌍용화재,5890,140,2.43,5750,5990,5630,191243,1121369970,179557668970,30485173
000545,흥국쌍용화재(1우B),4175,275,7.05,4175,4175,4175,10,41750,3206400000,768000
000547,흥국쌍용화재(2우B),7600,200,2.7,7020,7600,7020,250,1834000,1167360000,153600
003280,흥아해운,2480,145,6.21,2335,2495,2235,699565,1689622050,58809306400,23713430
