단축코드,종목명,종가,대비,등락률,시가,고가,저가,거래량,거래대금,시가총액,상장주식수
005760,ACTS,500,-50,-9.09,550,550,495,1598809,834331000,24087171000,48174342
015670,AP우주통신,635,-105,-14.19,735,755,635,2471920,1698367400,19953179550,31422330
015675,AP우주통신(1우B),345,-35,-9.21,380,385,340,242861,88596995,1856372550,5380790
004560,BNG스틸,2740,-70,-2.49,2815,2890,2725,2440,6850650,21320452380,7781187
004565,BNG스틸(1우),4445,155,3.61,4030,4445,4030,760,3110700,488292140,109852
001460,BYC,57300,-600,-1.04,56600,57300,56500,121,6918300,35790439500,624615
001465,BYC(1우),26000,-550,-2.07,26000,26500,26000,140,3652000,5600010000,215385
001040,CJ,48700,-900,-1.81,49600,49650,48100,51860,2529851000,1091067787200,22403856
001045,CJ(1우),20800,-600,-2.8,21050,21300,20700,12292,257407100,74623244800,3587656
001047,CJ(2우B),29000,-750,-2.52,29200,29500,28500,5610,162539000,27575375000,950875
001049,CJ(3우B),28700,0,0,28700,29300,27500,1170,33664500,24288982200,846306
004530,CKF,4550,50,1.11,4400,4550,4400,1090,4838900,10904134150,2396513
014820,EASTEL,2180,-170,-7.23,2370,2385,2165,313135,700695150,66421460800,30468560
014825,EASTEL(1우),1110,-120,-9.76,1205,1210,1110,23090,26810700,2945473800,2653580
014827,EASTEL(2우B),4350,-410,-8.61,4710,4715,4350,2130,9561300,556191000,127860
007700,F&F,3700,-280,-7.04,3980,4020,3620,164340,628216000,56980000000,15400000
001370,FnC코오롱,13100,-700,-5.07,13750,13800,13000,34570,458292500,150422164800,11482608
001375,FnC코오롱(1우),7510,-220,-2.85,7710,7790,7500,15080,115565900,5441873670,724617
004020,INI스틸,5980,-120,-1.97,6150,6150,5970,359890,2169029200,696059555620,116397919
004025,INI스틸(1우B),4040,-30,-0.74,3965,4095,3965,6460,25950050,1682886240,416556
009070,KCTC,36950,-750,-1.99,36300,36950,35500,242,8652400,14780000000,400000
017300,KDS,275,-35,-11.29,310,315,270,2462580,706779500,14194293025,51615611
006200,KEC,43800,-750,-1.68,45400,45400,43350,35399,1554656200,352800108600,8054797
018590,KNC,635,-75,-10.56,705,715,635,329170,220003500,5899795795,9291017
030200,KT,55000,400,0.73,54700,55300,54300,833992,45718707000,16999271245000,309077659
030210,KTB네트워크,2620,-300,-10.27,2910,2980,2620,369229,1020764780,158022921040,60314092
003550,LGCI,8000,-20,-0.25,8020,8040,7930,480100,3831098100,682343264000,85292908
003555,LGCI(1우),5660,-40,-0.7,5700,5760,5650,25770,145903400,12032843040,2125944
002610,LGEI,14500,0,0,14650,14750,14500,502996,7343896000,1346545284000,92865192
002615,LGEI(1우),8720,20,0.23,8720,8750,8700,51976,453279620,16651319600,1909555
017940,LG가스,19350,-50,-0.26,19350,19400,18650,5920,113703500,132741000000,6860000
006360,LG건설,13950,-600,-4.12,14750,14750,13850,332430,4679861500,711450000000,51000000
010120,LG산전,1575,-110,-6.53,1660,1690,1550,2880847,4679591925,204160297950,129625586
001120,LG상사,5800,-270,-4.45,6020,6070,5790,1259029,7441622600,394400000000,68000000
068870,LG생명과학,20100,50,0.25,20350,21050,19750,696246,14210888100,190487499000,9476990
068875,LG생명과학(1우),40800,-300,-0.73,42500,43600,40500,35700,1501854500,9637612800,236216
051900,LG생활건강,38400,0,0,38500,38800,38100,38160,1464519500,599738764800,15618197
051905,LG생활건강(1우),19000,-250,-1.3,19400,19600,19000,4940,94832000,39894243000,2099697
012990,LG석유화학,15700,-750,-4.56,16300,16550,15450,211630,3355488500,709640000000,45200000
035000,LG애드,13000,-200,-1.52,13250,13450,12800,82030,1067292000,153047700000,11772900
006260,LG전선,13200,-200,-1.49,13400,13500,13150,187030,2478330500,425040000000,32200000
066570,LG전자,45850,-2350,-4.88,48200,48500,45750,1026917,48023461950,6400947158550,139606263
066575,LG전자(1우),23200,-1550,-6.26,24450,24700,23200,222427,5289697900,398715014400,17185992
032710,LG카드,40200,-2300,-5.41,41950,42500,40200,170078,6947283100,2974800000000,74000000
005940,LG투자증권,14000,-800,-5.41,14900,14950,13850,2884490,41021230000,1751281280000,125091520
005945,LG투자증권(1우),7280,-540,-6.91,7820,7820,7280,232220,1735818800,144660647040,19870968
002550,LG화재,4100,-170,-3.98,4245,4310,4065,582775,2423023450,246000000000,60000000
051910,LG화학,45000,-3500,-7.22,48400,49150,44850,450051,20814161000,2899127880000,64425064
051915,LG화학(1우),20700,-1400,-6.33,22100,22200,20500,99500,2122418500,179287895700,8661251
008260,NI테크,4550,50,1.11,4450,4600,4450,22090,99868900,12934216750,2842685
005490,POSCO,128000,-2500,-1.92,130000,134000,128000,221039,28691232000,11620069760000,90781795
010950,S-Oil,19500,500,2.63,19100,19500,19050,235150,4536385500,2195364444000,112582792
010955,S-Oil(1우),16400,150,0.92,16300,16400,16050,3700,60115500,18125411200,1105208
009160,SIMPAC,4100,-350,-7.87,4435,4640,4020,11580,48920050,10660000000,2600000
025530,SJM,3650,50,1.39,3530,3670,3470,134467,479287550,62050000000,17000000
003600,SK,15050,-950,-5.94,15950,16000,14950,1407264,21720210700,1910489471100,126942822
003605,SK(1우),9520,-340,-3.45,9620,9870,9500,8910,86297300,19119453920,2008346
011790,SKC,10900,-400,-3.54,11000,11400,10600,194640,2119292000,351961000000,32290000
018670,SK가스,17200,-250,-1.43,17400,17400,17150,23820,411147000,148413038000,8628665
001740,SK글로벌,12100,100,0.83,12100,12200,11700,120060,1445169500,1163984075100,96197031
001745,SK글로벌(1우),4700,-95,-1.98,4740,4750,4700,4680,22059500,9717250000,2067500
001510,SK증권,1505,-50,-3.22,1535,1550,1505,1553500,2363555900,481776342355,320117171
001515,SK증권(1우),2040,-160,-7.27,2160,2180,2010,77060,161132200,7981528560,3912514
006120,SK케미칼,6620,-420,-5.97,7000,7080,6610,142190,959255300,117541654940,17755537
006125,SK케미칼(1우),4155,-60,-1.42,4250,4250,4100,8560,35545500,11164572255,2687021
017670,SK텔레콤,243500,0,0,246500,248000,241000,186642,45581747000,21708675145000,89152670
007050,SNG21,6900,-20,-0.29,6830,7040,6700,3310,22490600,4056075300,587837
011810,STX,4270,-180,-4.04,4420,4490,4250,140410,606847200,83858799010,19639063
011815,STX(1우),20000,-1750,-8.05,21750,21750,20000,760,15681500,600000000,30000
024070,WISCOM,3380,-100,-2.87,3460,3570,3305,55300,189194000,48369152000,14310400
009840,갑을,1330,-160,-10.74,1485,1510,1310,6993953,9726105940,230295144520,173154244
010460,개발리스,905,-30,-3.21,925,945,900,1672470,1535479450,74694869135,82535767
000860,건설화학,28100,-800,-2.77,29000,29300,28100,1070,30553500,27403569600,975216
012720,건영,725,-105,-12.65,750,835,715,323943,244020175,14869038050,20509018
003060,건풍제약,400,-20,-4.76,415,420,395,1738550,705536750,10800000000,27000000
001390,경기화학,1300,-50,-3.7,1330,1330,1290,63370,82555600,9323992600,7172302
000800,경남기업,2500,-130,-4.94,2550,2605,2480,278375,704447800,65859082500,26343633
001670,경남모직,1800,-260,-12.62,2070,2070,1800,41130,79454500,6439662000,3577590
001675,경남모직(1우),7180,-110,-1.51,7200,7240,6700,360,2537700,550892680,76726
008020,경남에너지,1185,-5,-0.42,1200,1200,1170,54760,64589500,35309753100,29797260
006610,경남은행,525,0,0,0,0,0,0,0,27195022575,51800043
002100,경농,10800,-150,-1.37,10800,10900,10800,2120,22902000,22474605600,2080982
002105,경농(1우),215000,3500,1.65,238000,238000,215000,30,6910000,72240000,336
012320,경동가스,14600,-150,-1.02,14600,14650,14550,2120,30969000,46252800000,3168000
009450,경동보일러,19700,-550,-2.72,20100,20400,19300,17470,346349500,45388800000,2304000
000050,경방,26000,0,0,26000,26100,25850,2900,75289000,54080000000,2080000
012610,경인양행,12300,-150,-1.2,12550,12550,12250,3660,45024000,30750000000,2500000
009140,경인전자,7800,-10,-0.13,7620,7800,7600,3250,25185100,12252216600,1570797
002050,경향건설,2000,-190,-8.68,2100,2185,1865,133460,266009450,6150274000,3075137
002055,경향건설(1우),16150,-1250,-7.18,17000,17400,15100,1210,19294500,278587500,17250
013580,계룡건설,10500,-600,-5.41,11500,11500,10050,1316960,14024832000,93774523500,8930907
011840,계몽사,565,-40,-6.61,600,610,555,3767791,2174626965,31855216975,56380915
012200,계양전기,2320,-190,-7.57,2550,2570,2320,370012,891595540,75632000000,32600000
012205,계양전기(1우),1705,-115,-6.32,1795,1830,1700,18170,32042550,2387000000,1400000
027840,고덴시,2100,-160,-7.08,2260,2290,2100,91620,198179550,48438463500,23065935
004200,고려개발,6590,-100,-1.49,6690,6690,6510,8230,53987300,39540000000,6000000
002140,고려산업,2300,-55,-2.34,2305,2385,2260,75730,174582850,6578000000,2860000
011160,고려산업개발,2300,-100,-4.17,2430,2430,2150,98590,225022500,26889079200,11690904
003660,고려시멘트,18000,100,0.56,17800,18000,17650,25490,458305000,71240508000,3957806
010130,고려아연,18800,-800,-4.08,19700,19700,18750,186130,3550072500,354756000000,18870000
002240,고려제강,19200,-150,-0.78,19350,19350,19150,1130,21708000,125306803200,6526396
002540,고제,2150,10,0.47,2055,2170,1990,37901,78640800,98892322350,45996429
003590,광덕물산,2320,-240,-9.38,2610,2720,2265,4006170,10084502300,10275952800,4429290
003595,광덕물산(1우B),1235,-120,-8.86,1390,1425,1230,223650,298899400,1729000000,1400000
009290,광동제약,1010,-45,-4.27,1045,1065,1010,929134,955745690,52945059510,52420851
017040,광명전기,705,-40,-5.37,740,755,680,3298760,2371642650,22717726125,32223725
017900,광전자,4150,-300,-6.74,4415,4490,4070,223239,941430050,60436030850,14562899
037710,광주신세계,47500,-2050,-4.14,49700,49700,47350,13580,649139000,76000000000,1600000
005770,광주은행,500,0,0,0,0,0,0,0,17040258500,34080517
064900,교보메리츠,5200,-30,-0.57,5230,5230,5190,6080,31597900,87360000000,16800000
030610,교보증권,3125,-135,-4.14,3240,3295,3110,45800,145333200,112500000000,36000000
007690,국도화학,12900,-400,-3.01,13300,13400,12900,45680,599548000,74956946400,5810616
005320,국동,5610,-110,-1.92,5740,5750,5600,14520,82508900,11076384000,1974400
060000,국민은행,45700,-2000,-4.19,47600,47850,44700,1135314,52666449800,15001421904500,328258685
001140,국보,4175,-105,-2.45,4280,4330,4100,3300,13856800,4288994200,1027304
000680,국제상사,2130,-150,-6.58,2280,2300,2025,142980,306748550,66919737210,31417717
000685,국제상사(1우),9700,-10,-0.1,0,0,0,0,0,359258900,37037
002720,국제약품,6000,-50,-0.83,6100,6100,5950,10910,65810000,15104880000,2517480
008670,굿모닝신한증권,4470,0,0,0,0,0,0,0,1016224671690,227343327
008675,굿모닝신한증권(1우),3500,0,0,0,0,0,0,0,24570000000,7020000
000470,그린화재보험,5090,80,1.6,5180,5200,4920,2340,12054500,32576000000,6400000
015360,극동가스,12700,-100,-0.78,12850,12850,12700,18110,232081500,76200000000,6000000
000980,극동건설,6290,-90,-1.41,6400,6400,6010,720,4528100,6396194070,1016883
000985,극동건설(1우),6900,-180,-2.54,7390,7390,6500,720,4842400,567952800,82312
014530,극동유화,6660,-150,-2.2,6800,6800,6660,15310,102914200,13320000000,2000000
006250,극동전선,22950,-650,-2.75,23600,23700,22800,11320,263493500,57283200000,2496000
010200,극동제혁,6120,-530,-7.97,6800,6800,6020,84430,533160700,6888304800,1125540
002250,근화제약,12500,-850,-6.37,13350,13450,12350,33270,426562000,32446337500,2595707
002380,금강고려,124500,4500,3.75,120500,124500,120000,14020,1717365000,1400682394500,11250461
014280,금강공업,7200,-100,-1.37,7350,7400,7130,7480,54756500,34962940800,4855964
014285,금강공업(1우),8390,-110,-1.29,0,0,0,0,0,989810250,117975
010730,금강화섬,505,0,0,0,0,0,0,0,4571485230,9052446
008870,금비,27950,-1800,-6.05,29250,29700,27900,950,27347000,27950000000,1000000
001570,금양,385,-25,-6.1,405,415,385,2025230,806221900,12977599250,33708050
002990,금호산업,1915,-85,-4.25,2010,2030,1900,231830,455015600,77792972230,40622962
002995,금호산업(1우),1180,-20,-1.67,1200,1200,1160,11830,13941400,14994854720,12707504
011780,금호석유,2570,0,0,2570,2690,2450,133717,346854490,75477679790,29368747
011785,금호석유(1우),1840,-10,-0.54,1850,1880,1790,22130,40787000,8796970080,4780962
001210,금호전기,18500,-1100,-5.61,19500,19700,17850,135070,2512381000,97147163000,5251198
010050,금호종금,970,-20,-2.02,1030,1030,960,210000,206555400,28493200980,29374434
019930,기라정보통신,230,-20,-8,245,255,220,5940061,1354668080,7068982150,30734705
006070,기린,6000,780,14.94,5200,6000,5200,14040,83773200,7200000000,1200000
000270,기아차,10300,-300,-2.83,10600,10600,10200,981448,10181265400,3808223686500,369730455
001430,기아특수강,1170,-80,-6.4,1270,1285,1170,1765520,2179971200,43573592790,37242387
014990,나산,7010,-50,-0.71,7110,7200,7010,5860,41644000,19260668990,2747599
014590,나자인,9600,-200,-2.04,9850,10650,9600,1630,16145000,15840000000,1650000
001260,남광토건,3205,-275,-7.9,3510,3530,3180,2347900,7732136000,63616897530,19849266
001265,남광토건(1우B),15200,0,0,0,0,0,0,0,84629876000,5567755
008350,남선알미늄,4680,-820,-14.91,5240,5450,4680,1400813,6949387890,75855550680,16208451
008355,남선알미늄(1우),7850,-1350,-14.67,9200,9300,7820,10880,89231700,604238050,76973
069470,남선홈웨어,970,10,1.04,960,1070,945,12435167,12485002140,17042240400,17569320
004270,남성,4920,-25,-0.51,4930,4950,4875,7480,36686100,17816382720,3621216
003020,남양,3740,-130,-3.36,3870,3870,3440,2310,8507100,1999101060,534519
003920,남양유업,284000,-8000,-2.74,290000,290000,280000,122,34658000,204480000000,720000
003925,남양유업(1우),123000,0,0,126500,126500,123000,20,2495000,20499426000,166662
001950,남한제지,3625,-100,-2.68,3750,3750,3620,3800,14005000,9243750000,2550000
001955,남한제지(1우),2700,-50,-1.82,2795,2795,2655,5760,15733050,1485000000,550000
025860,남해화학,1475,-105,-6.65,1580,1590,1470,957782,1448306600,73276293425,49678843
004250,내쇼날푸라스,7450,100,1.36,7450,8450,7360,50870,394659400,27356400000,3672000
004255,내쇼날푸라스(1우),6900,330,5.02,6350,7540,6350,1290,8878200,3643200000,528000
003050,넥상스코리아,875,-35,-3.85,895,920,870,178220,158519600,33250000000,38000000
005720,넥센,9900,-200,-1.98,10050,10050,9850,2540,25323000,26511606000,2677940
005725,넥센(1우),6190,90,1.48,6060,6190,6020,190,1150200,2228771400,360060
002350,넥센타이어,9310,-290,-3.02,9930,9930,9230,21290,199575100,88370762060,9492026
002355,넥센타이어(1우B),6350,0,0,0,0,0,0,0,4127500000,650000
005250,녹십자,26750,-250,-0.93,26900,26900,26300,2220,58736500,125030409500,4674034
005255,녹십자(1우),16000,-500,-3.03,16500,16500,16000,1720,28280000,2596224000,162264
005257,녹십자(2우B),16550,-350,-2.07,16900,17000,16550,610,10159000,1341046500,81030
004370,농심,74500,-1800,-2.36,75600,76900,73000,35488,2641105000,566200000000,7600000
008320,누보텍,215,-20,-8.51,235,235,215,1053210,234792500,4722098750,21963250
023590,다우기술,1710,-135,-7.32,1850,1870,1680,503180,878386700,68400000000,40000000
009280,다함이텍,14700,-400,-2.65,14700,15100,14550,15460,227399000,53556304200,3643286
033780,담배인삼공사,18350,50,0.27,18450,18500,18200,421374,7720332400,3329469819950,181442497
015590,대경기계,8050,-250,-3.01,8350,8350,8020,19610,159353000,26637393650,3308993
016710,대구가스,22000,-150,-0.68,21500,22750,21500,2650,58548500,62920000000,2860000
006370,대구백화점,11200,-950,-7.82,12000,12200,11200,245165,2829225500,119308851200,10652576
006375,대구백화점(1우),174000,2000,1.16,174000,174000,174000,10,1740000,745068000,4282
005270,대구은행,4960,-220,-4.25,5190,5220,4950,1190430,5980250950,655340000000,132125000
004130,대덕GDS,12100,-800,-6.2,12900,13000,11900,334335,4100806500,243979717300,20163613
004135,대덕GDS(1우),5900,-350,-5.6,6130,6280,5820,3240,19681300,12744000000,2160000
004137,대덕GDS(2우B),6890,-110,-1.57,6780,6890,6780,140,951400,2838680000,412000
008060,대덕전자,9970,-430,-4.13,10600,10600,9960,288640,2933716500,486499111000,48796300
012510,대동,1810,-245,-11.92,2055,2120,1750,1123040,2131431150,19385100000,10710000
000490,대동공업,4220,-80,-1.86,4300,4350,4210,11020,46898450,20026609240,4745642
008110,대동전자,2010,-145,-6.73,2155,2155,2010,63781,132113910,20100000000,10000000
000210,대림산업,16100,-700,-4.17,16600,16900,16100,110880,1821046500,635950000000,39500000
000215,대림산업(1우),7300,-260,-3.44,7470,7470,7260,13370,97899000,30660000000,4200000
003960,대림수산,3310,-340,-9.32,3630,3740,3250,218170,753233850,5690783700,1719270
003965,대림수산(1우),26050,-250,-0.95,26450,26450,26050,370,9681500,443110500,17010
005750,대림요업,2240,-200,-8.2,2425,2450,2240,82390,191936650,22400000000,10000000
006570,대림통상,2650,-40,-1.49,2650,2710,2560,68640,182342300,42400000000,16000000
001680,대상,2030,-270,-11.74,2315,2330,2020,1081608,2327251990,85700327300,42216910
001685,대상(1우),1495,-50,-3.24,1525,1540,1495,15980,24082500,3414138975,2283705
001687,대상(2우B),1515,-50,-3.19,1590,1590,1515,9020,13854550,2510554980,1657132
036580,대상사료,970,-40,-3.96,1015,1015,940,589150,578239750,16371889890,16878237
036585,대상사료(1우B),1670,-15,-0.89,1650,1670,1620,5270,8618150,1873344210,1121763
005620,대성산업,24300,-200,-0.82,24500,24500,23600,890,21329000,124710273000,5132110
003540,대신증권,16100,-1000,-5.85,17200,17300,15800,902894,14775481900,782241040000,48586400
003545,대신증권(1우),7800,-500,-6.02,8320,8340,7620,199360,1581375500,202800000000,26000000
009940,대아리드선,3360,-300,-8.2,3610,3610,3355,23081,80376560,5376000000,1600000
009190,대양금속,555,-45,-7.5,595,605,555,244330,141143050,15141510000,27282000
014160,대영포장,390,-65,-14.29,390,430,390,8693550,3423438900,92614987530,237474327
047040,대우건설,2905,-90,-3.01,3010,3040,2905,321350,955274750,482363830445,166046069
047050,대우인터내셔,2450,-50,-2,2500,2575,2450,344840,863947000,104826971550,42786519
064960,대우정밀,19300,-1400,-6.76,19800,20350,19300,27730,548958000,26550874900,1375693
042660,대우조선해양,8590,-60,-0.69,8650,8840,8250,903730,7759557400,1652636611220,192390758
042670,대우종합기계,2985,-65,-2.13,3050,3150,2975,1370566,4178470510,501352791240,167957384
006800,대우증권,4920,-200,-3.91,5110,5150,4910,1168327,5830882940,935296383720,190100891
006805,대우증권(1우),2835,-145,-4.87,2955,3000,2825,62550,181064050,39904751250,14075750
004550,대우차판매,10000,-450,-4.31,10500,10700,9970,701775,7141181300,292800000000,29280000
004555,대우차판매(1우),6400,-330,-4.9,6810,6810,6240,11360,74553000,6400000000,1000000
003090,대웅,9410,-370,-3.78,9710,9800,9400,46560,446143300,23239255940,2469634
069620,대웅제약,15200,-200,-1.3,15200,15350,14800,33500,505980000,150153777600,9878538
000430,대원강업,6400,-70,-1.08,6500,6500,6400,10140,65349800,38400000000,6000000
006340,대원전선,3580,-50,-1.38,3725,3725,3490,11730,41701750,18771085600,5243320
006345,대원전선(1우),3500,-40,-1.13,3595,3650,3500,570,2005400,917420000,262120
006347,대원전선(2우B),19000,-50,-0.26,19000,19200,18600,410,7714500,846640000,44560
003220,대원제약,20600,-400,-1.9,21000,21100,20400,5770,120062000,46719976000,2267960
024890,대원화성,2965,-215,-6.76,3160,3195,2905,37970,116113250,7569437450,2552930
001190,대유,495,-25,-4.81,520,520,495,447400,225961500,18991388790,38366442
012800,대창공업,3830,-60,-1.54,3880,3910,3830,24290,93688050,28510075720,7443884
012805,대창공업(1우),235000,0,0,0,0,0,0,0,50290000,214
015230,대창단조,4305,50,1.18,4570,4890,4300,257030,1191586650,8610000000,2000000
026870,대한가스,14450,0,0,14450,14500,14350,21370,308542500,140165000000,9700000
001070,대한방직,11500,-650,-5.35,12250,12350,11500,22420,267118500,12190000000,1060000
006650,대한유화,5950,0,0,6040,6040,5800,6270,37224700,48790000000,8200000
007480,대한은박지,12350,-400,-3.14,12550,12550,12250,4890,60216500,12350000000,1000000
001440,대한전선,6950,40,0.58,6980,6990,6830,457480,3168625800,222400000000,32000000
001790,대한제당,10800,-150,-1.37,11000,11000,10700,4070,43883000,34234758000,3169885
001795,대한제당(1우),7380,-120,-1.6,7420,7570,7330,5580,41173400,1993448700,270115
001130,대한제분,34400,-300,-0.86,34800,34800,34050,2760,95619000,58136000000,1690000
000120,대한통운,9050,-590,-6.12,9500,9550,9050,75420,697867500,93456399700,10326674
004540,대한펄프,3160,10,0.32,3155,3210,3060,12570,39455750,10712753920,3390112
004545,대한펄프(1우),1770,-30,-1.67,1730,1800,1710,5740,10088850,1620258000,915400
003490,대한항공,12500,-950,-7.06,13300,13400,12500,751951,9649903500,891117950000,71289436
003495,대한항공(1우),7550,-180,-2.33,7730,7870,7550,5510,42145500,10412786350,1379177
005880,대한해운,3410,-185,-5.15,3520,3550,3380,56308,195955030,34100000000,10000000
003830,대한화섬,18600,-150,-0.8,18500,18750,18100,3650,66602000,24700800000,1328000
000400,대한화재,6250,0,0,6300,6490,6200,8550,53551900,52562500000,8410000
016090,대현,8610,-100,-1.15,8630,8800,8610,1040,9009900,46332398910,5381231
001980,대호,1180,-90,-7.09,1280,1295,1180,234780,285136800,15174008220,12859329
069460,대호에이엘,830,-5,-0.6,825,925,815,18078530,15646349400,22521916370,27134839
004830,덕성,2370,-125,-5.01,2500,2510,2355,133120,324953800,36501792000,15401600
004835,덕성(1우),1720,-70,-3.91,1780,1780,1700,10160,17688100,2394240000,1392000
004837,덕성(2우B),4150,0,0,4150,4175,3850,8490,33498150,1155360000,278400
024900,덕양산업,9900,-100,-1,10050,10050,9900,9469,93924800,32239330200,3256498
015940,데이콤,15900,-950,-5.64,16850,16950,15900,251324,4103967600,588983700000,37043000
001620,동국실업,5350,-240,-4.29,5500,5580,5170,18680,101254700,14088968200,2633452
001230,동국제강,5500,-10,-0.18,5550,5550,5390,229698,1257526100,422845500000,76881000
023450,동남합성,11650,-300,-2.51,11850,11950,11400,11970,139114000,10995258350,943799
004140,동방,5330,-420,-7.3,5870,5870,5310,63480,345222700,19827600000,3720000
007590,동방아그로,2735,-25,-0.91,2755,2790,2680,21111,57892935,34339024470,12555402
007595,동방아그로(1우),245000,-28000,-10.26,245000,245000,245000,10,2450000,61250000,250
005960,동부건설,3800,-110,-2.81,3910,3970,3800,79697,309256300,82803311000,21790345
005965,동부건설(1우),3820,-175,-4.38,3935,3935,3820,950,3639100,12767834300,3342365
012030,동부정밀,7140,-10,-0.14,7150,7150,7020,740,5217900,28560000000,4000000
016380,동부제강,3440,-30,-0.86,3480,3480,3405,92470,319147000,78109424320,22706228
016385,동부제강(1우),2660,-15,-0.56,2675,2715,2640,23340,62084350,6823831000,2565350
016610,동부증권,2520,-110,-4.18,2585,2605,2510,32466,82755270,37044000000,14700000
000990,동부한농,6620,-30,-0.45,6680,6720,6610,29640,197275700,65730277900,9929045
005830,동부화재,2520,-145,-5.44,2640,2660,2490,543470,1386547250,178416000000,70800000
010780,동서산업,8950,-20,-0.22,8850,9000,8850,3154,28157400,39725649000,4438620
002210,동성제약,4835,-145,-2.91,4940,5010,4770,56800,276797350,17018851880,3519928
005190,동성화학,7970,-130,-1.6,8080,8130,7910,19770,157651400,30394041320,3813556
012270,동신,2760,-270,-8.91,3080,3080,2620,678205,1887784650,28303441200,10254870
006600,동신제약,12500,50,0.4,12100,12800,12050,29450,361976000,57133250000,4570660
006605,동신제약(1우),6940,-350,-4.8,7070,7300,6940,1150,8155100,1210336000,174400
012760,동아정기,4520,-340,-7,4770,4795,4520,40540,190295650,6599200000,1460000
000640,동아제약,21400,50,0.23,21400,21500,21000,62440,1332298000,194954000000,9110000
007340,동아타이어,4000,-30,-0.74,4030,4030,4000,44640,178583700,92074200000,23018550
005900,동양고속,8470,-230,-2.64,8700,8700,8410,27350,231950500,29695438850,3505955
013570,동양기전,16100,-250,-1.53,16150,16400,15700,3870,61725500,38975829900,2420859
001520,동양메이저,1965,-80,-3.91,2045,2070,1965,86210,172696900,53897173455,27428587
001525,동양메이저(1우),1125,-10,-0.88,1135,1155,1105,36960,41442950,7010811000,6231832
001527,동양메이저(2우B),1580,-25,-1.56,1645,1645,1570,2680,4247200,4923147280,3115916
002900,동양물산,2535,-20,-0.78,2570,2585,2535,24410,62386250,16576086150,6538890
027390,동양백화점,5190,-700,-11.88,5900,6040,5110,234390,1275278400,31140000000,6000000
002710,동양석판,9000,-210,-2.28,8990,9000,8990,80,719700,21600000000,2400000
004510,동양에레베이,5490,-260,-4.52,5800,5800,5430,2660,14975800,19298448000,3515200
001800,동양제과,59400,-2900,-4.65,62300,62800,57100,41320,2441571000,320242982400,5391296
010060,동양제철화학,10850,-450,-3.98,11150,11550,10750,45440,503835000,214264682450,19747897
003470,동양종금증권,2105,-95,-4.32,2200,2205,2100,378160,809323050,178741130355,84912651
003475,동양종금증권(1우),1525,-75,-4.69,1610,1610,1520,73130,112884350,19691123300,12912212
008970,동양철관,480,-25,-4.95,515,515,480,1094010,542660950,30291552480,63107401
008975,동양철관(1우),12500,-200,-1.57,0,0,0,0,0,289875000,23190
000060,동양화재,13700,-250,-1.79,13850,14050,13500,55330,758053000,117546000000,8580000
003580,동원,24500,900,3.81,23750,25400,23700,352067,8678370000,90269343500,3684463
049770,동원F&B,25700,-500,-1.91,26550,26800,25650,18700,485639000,80547680700,3134151
018500,동원금속,815,-75,-8.43,890,900,810,482690,405495450,7130675425,8749295
006040,동원산업,11600,-200,-1.69,12000,12000,11300,55900,649421000,51457600000,4436000
030720,동원수산,3600,-65,-1.77,3615,3695,3555,28120,101706500,10668643200,2963512
005890,동원증권,6400,-210,-3.18,6560,6640,6200,808140,5155060700,429660044800,67134382
005895,동원증권(1우),4120,-130,-3.06,4230,4240,4110,27160,113819850,36432336000,8842800
005897,동원증권(2우B),4035,-155,-3.7,4160,4160,4010,4510,18491100,19624383900,4863540
001530,동일방직,31200,-100,-0.32,31250,31500,31200,2222,69577900,62400000000,2000000
004840,동일벨트,2875,10,0.35,2845,2920,2840,51850,148009650,37375000000,13000000
019300,동일제지,4550,-50,-1.09,4620,4695,4550,4650,21312650,18058950000,3969000
011000,동일패브릭,9230,-260,-2.74,9490,9490,9230,460,4277000,7002616400,758680
019180,동해전장,1750,-110,-5.91,1930,1970,1585,491080,859809300,15750000000,9000000
009580,동해펄프,3550,90,2.6,3480,3550,3460,12350,43331900,33867000000,9540000
000020,동화약품,6720,-160,-2.33,6920,7030,6690,24080,163324800,37539895680,5586294
000300,두레에어,6950,-200,-2.8,7170,7170,6950,130,925800,10349974750,1489205
000150,두산,9940,-710,-6.67,10550,10600,9940,146390,1486191100,209859373220,21112613
000155,두산(1우),4140,-255,-5.8,4370,4370,4140,33270,140464100,19590012180,4731887
000157,두산(2우B),5900,-160,-2.64,6060,6060,5900,620,3676200,6123769300,1037927
002950,두산건설,1840,-60,-3.16,1900,1915,1835,58070,108414050,86394603760,46953589
002955,두산건설(1우),1720,-80,-4.44,1825,1825,1710,4130,7148150,1960800000,1140000
002957,두산건설(2우B),5290,-100,-1.86,0,0,0,0,0,557528970,105393
034020,두산중공업,6900,-150,-2.13,7030,7040,6870,166840,1156636100,718980000000,104200000
024090,디씨엠,2060,-115,-5.29,2155,2200,2060,18650,39549900,24720000000,12000000
003160,디아이,2360,-230,-8.88,2555,2600,2360,572415,1411006400,72501628440,30721029
003190,디에이블,1485,-245,-14.16,1690,1830,1475,761073,1258418755,5343090885,3598041
026890,디피씨,1350,-130,-8.78,1450,1480,1345,471750,663542350,48411000000,35860000
000320,디피아이,2850,-10,-0.35,2840,2880,2825,79040,225337550,63206017500,22177550
000325,디피아이(1우),3030,5,0.17,2990,3040,2990,9810,29547350,1536210000,507000
016160,라딕스,2940,-260,-8.13,3125,3225,2935,47310,143466800,10923325980,3715417
010330,라미화장품,3500,-130,-3.58,3555,3650,3270,7050,24094000,3143360500,898103
003560,라보라,410,-45,-9.89,450,455,410,1116230,481715200,12479735800,30438380
000420,로케트전기,3280,-575,-14.92,3850,3970,3280,1111073,3980991640,16134877600,4919170
000425,로케트전기(1우),1720,-300,-14.85,2020,2040,1720,52305,97797150,1463747520,851016
002270,롯데삼강,88300,-1200,-1.34,89000,90000,88100,5370,476352000,111191156900,1259243
004990,롯데제과,483000,5000,1.05,484000,485000,482000,791,382693000,686536200000,1421400
005300,롯데칠성,625000,6000,0.97,629000,631000,616000,1540,964680000,773251875000,1237203
005305,롯데칠성(1우),275000,0,0,0,0,0,0,0,33000000000,120000
027740,마니커,10300,-150,-1.44,10650,10850,10250,186385,1980808000,20085000000,1950000
001080,만호제강,20800,-1100,-5.02,22150,22150,20300,10660,227028000,17264000000,830000
009890,맥슨텔레콤,5540,-360,-6.1,6000,6130,5500,87260,504769300,40319710040,7277926
009895,맥슨텔레콤(1우B),3050,-30,-0.97,3150,3150,2960,3630,10938200,9869909800,3236036
008560,메리츠증권,2830,-110,-3.74,2940,2945,2830,87818,251548690,98190919540,34696438
012170,멕스퍼,1500,-250,-14.29,1755,1835,1500,17470,28551400,6107731500,4071821
011400,명성,3270,-150,-4.39,3210,3300,3000,1740,5519550,4913403900,1502570
012690,모나리자,720,-85,-10.56,800,800,720,365590,277526850,27195303600,37771255
005360,모나미,6190,-160,-2.52,6440,6440,6190,28890,181645900,16754349200,2706680
009680,모토닉,13050,0,0,13100,13300,12900,610,7943000,43065000000,3300000
008120,모토조이,485,-20,-3.96,505,510,480,723420,359184600,13774000000,28400000
023150,무학주정,8060,-10,-0.12,8040,8300,7930,14330,115619600,7104890000,881500
008420,문배철강,3700,0,0,3650,3700,3600,8450,30953350,15172593700,4100701
004010,미도파,8900,-760,-7.87,9400,9500,8850,425020,3864567500,579820065800,65148322
025560,미래산업,1440,-130,-8.28,1545,1575,1440,2748965,4121306000,179478000000,124637500
008600,미래와사람,4770,-165,-3.34,4880,4940,4750,102300,491113050,59764417560,12529228
002840,미원상사,21000,-200,-0.94,21100,21100,20500,7060,147912500,29400000000,1400000
003650,미창석유,9900,80,0.81,9810,10500,9810,117310,1182223000,17222752800,1739672
003610,방림,3565,-140,-3.78,3720,3800,3555,73470,269790250,15084973085,4231409
011800,배명금속,470,-25,-5.05,495,495,465,397540,191289250,10340000000,22000000
001340,백광산업,5700,-290,-4.84,5900,6020,5650,5070,29096200,11314477200,1984996
014580,백광소재,13800,50,0.36,14000,14250,13800,48059,671529700,24882448800,1803076
035150,백산,1330,-110,-7.64,1440,1440,1310,208100,287580800,37240000000,28000000
002410,범양건영,9830,-870,-8.13,10400,10600,9700,283760,2860570500,71235631140,7246758
008750,범양식품,3070,-320,-9.44,3400,3500,3070,13102,42809790,2456000000,800000
009360,베네데스,5040,-70,-1.37,5110,5180,5040,14290,73101700,10080000000,2000000
007210,벽산,8900,-30,-0.34,8800,8990,8790,7010,62271400,58740000000,6600000
002530,벽산건설,2595,-45,-1.7,2690,2690,2430,238560,609532100,103473354375,39874125
002535,벽산건설(1우),4700,-230,-4.67,4435,4700,4435,2330,10719200,1123911000,239130
002760,보락,8400,20,0.24,8400,8400,8340,1670,13978100,14784000000,1760000
003850,보령제약,12000,-400,-3.23,12400,12500,11900,47690,575106000,32640000000,2720000
004740,보루네오,2820,-115,-3.92,2950,2950,2735,10530,29663050,26716372620,9473891
000890,보해양조,4505,-275,-5.75,4785,4960,4500,10570,48840900,9922492255,2202551
000895,보해양조(1우),78500,0,0,0,0,0,0,0,200253500,2551
005350,봉신,6770,-120,-1.74,6890,6980,6700,3580,24145500,13542423660,2000358
003000,부광약품,4835,-110,-2.22,4950,5060,4830,94410,463621850,108366129750,22412850
001270,부국증권,4610,-145,-3.05,4800,4800,4610,18790,87959300,47805174460,10369886
001275,부국증권(1우),3490,-210,-5.68,3720,3720,3490,12540,44958950,10470000000,3000000
015350,부산가스,12750,-50,-0.39,12900,12900,12700,32986,421675500,140250000000,11000000
011390,부산산업,6270,-120,-1.88,6310,6380,6010,3250,20406800,6621120000,1056000
005280,부산은행,5080,-250,-4.69,5290,5320,5070,1956966,10081191180,745152942000,146683650
005030,부산주공,8700,-160,-1.81,8810,8960,8620,1440,12560800,6264000000,720000
003930,부흥,525,-35,-6.25,560,575,515,2479890,1335333950,18874443000,35951320
001290,브릿지증권,2000,30,1.52,1970,2000,1970,57750,114582600,206681656000,103340828
002070,비비안,26900,0,0,27000,27000,26800,40,1075000,36949544100,1373589
006490,비티아이,490,-25,-4.85,510,515,480,311760,154093250,12725411230,25970227
005180,빙그레,11250,-650,-5.46,11750,11850,11100,116640,1323341000,111951461250,9951241
007160,사조산업,3900,-370,-8.67,3750,3965,3685,247940,941835050,19500000000,5000000
008270,산은캐피탈,1395,-90,-6.06,1480,1525,1360,532962,769915040,194759861580,139612804
005090,삼광유리,5000,-160,-3.1,5260,5260,4900,15800,78875500,24272090000,4854418
002930,삼도물산,590,-70,-10.61,660,670,580,1444360,903382550,24019466400,40710960
005850,삼립산업,3350,50,1.52,3320,3350,3220,27790,91577600,35123544000,10484640
005610,삼립식품,8080,-1420,-14.95,9300,9560,8080,1543046,12916973480,69722392720,8629009
014900,삼보컴퓨터,7990,-680,-7.84,8550,8650,7950,2917002,23953293380,371601972180,46508382
001470,삼부토건,5190,-470,-8.3,5760,5780,5190,212330,1143303800,36878536290,7105691
006400,삼성SDI,76000,-3600,-4.52,79600,80300,75500,565943,43823913000,3532978332000,46486557
006405,삼성SDI(1우),48500,-1250,-2.51,50000,50000,48000,9723,475231000,79922956000,1647896
006660,삼성공조,4425,-205,-4.43,4600,4630,4420,25090,113788050,35400000000,8000000
000830,삼성물산,7280,-420,-5.45,7640,7740,7280,1836690,13605457800,1131570643840,155435528
000835,삼성물산(1우),4500,-160,-3.43,4670,4670,4500,29091,132427550,20918938500,4648653
028050,삼성엔지니어링,3915,-265,-6.34,4210,4210,3910,365590,1472528450,156600000000,40000000
009150,삼성전기,49500,-2600,-4.99,51500,52100,49500,692823,34873132500,3697337952000,74693696
009155,삼성전기(1우),30200,-1800,-5.63,31900,32200,30200,45420,1395500000,87790916800,2906984
005930,삼성전자,348000,-10000,-2.79,358000,359000,347000,513523,180349984000,53145675384000,152717458
005935,삼성전자(1우),169000,-7000,-3.98,176000,176000,168500,94295,16114925000,4037989163000,23893427
004000,삼성정밀화학,16100,-500,-3.01,16700,16850,15900,241770,3936362500,415380000000,25800000
001360,삼성제약,6080,-740,-10.85,6930,7030,5910,878853,5570874740,30337576640,4989733
010140,삼성중공업,4490,-220,-4.67,4685,4830,4470,2963137,13753402330,1036583989190,230865031
010145,삼성중공업(1우),23050,-1550,-6.3,24000,24700,22550,1710,40048500,2647177250,114845
016360,삼성증권,31250,-1950,-5.87,32750,33200,30950,1192100,37869143500,1989848906250,63675165
016365,삼성증권(1우B),32000,-1200,-3.61,32000,32000,32000,100,3200000,29440000000,920000
016367,삼성증권(2우B),31750,-1350,-4.08,31750,31750,31750,100,3175000,71120000000,2240000
068290,삼성출판사,14350,-100,-0.69,14350,14500,13700,9203,129927050,14350000000,1000000
012450,삼성테크윈,5770,-340,-5.56,6060,6160,5750,1148642,6778626340,493335000000,85500000
000810,삼성화재,71000,-1000,-1.39,72900,72900,68600,144180,10258411000,3521943427000,49604837
000815,삼성화재(1우),35500,-950,-2.61,36450,36450,35500,3900,139599500,118641000000,3342000
006110,삼아알미늄,24750,500,2.06,25000,25000,24000,39670,975725500,17071980750,689777
000070,삼양사,20550,-50,-0.24,20650,20750,20250,28510,583903500,202287295200,9843664
000075,삼양사(1우),12500,-50,-0.4,12700,12700,12500,1710,21442000,4838750000,387100
003230,삼양식품,4030,-120,-2.89,4150,4290,4020,2190,8879150,5811260000,1442000
008080,삼양옵틱스,1055,-95,-8.26,1135,1150,1050,274930,295739250,12325565000,11683000
003940,삼양제넥스,38000,-1000,-2.56,39100,39100,37700,11570,442211500,113464846000,2985917
003945,삼양제넥스(1우),18850,200,1.07,18500,18850,18500,20,373500,5070216450,268977
008720,삼양중기,7150,-60,-0.83,7300,7320,6690,1470,10455200,8833968000,1235520
002170,삼양통상,12800,-350,-2.66,13000,13150,12700,11920,153333500,38400000000,3000000
036530,삼영,14650,-550,-3.62,15300,15400,14300,224525,3326527250,109875000000,7500000
004920,삼영모방,4150,-70,-1.66,4250,4250,4110,23030,96230950,6640000000,1600000
002810,삼영무역,1570,-45,-2.79,1605,1605,1570,102850,163370450,24248491430,15444899
005680,삼영전자,7690,-520,-6.33,8340,8340,7660,292200,2284000000,153800000000,20000000
003720,삼영화학,7850,30,0.38,7930,7940,7700,4370,34012800,26690000000,3400000
004380,삼익LMS,2050,-140,-6.39,2205,2245,2005,218390,464585600,20090000000,9800000
002450,삼익악기,720,10,1.41,755,795,700,15712881,11775125520,47285220240,65673917
000520,삼일제약,32300,-200,-0.62,32500,32500,31100,8031,256066300,35530000000,1100000
005500,삼진제약,41600,-1900,-4.37,43050,43700,41600,20500,869782500,91520000000,2200000
004690,삼천리,34500,-100,-0.29,34850,34850,34000,5121,176732500,139898362500,4055025
001880,삼호,1630,-100,-5.78,1715,1770,1630,22800,38350050,16952000000,10400000
011150,삼호물산,795,-65,-7.56,855,855,785,534183,431315035,28564964535,35930773
011155,삼호물산(1우),2700,-390,-12.62,3080,3200,2700,1477,4309800,540000000,200000
004450,삼화왕관,9790,-260,-2.59,9900,10000,9790,19013,186940870,36579894450,3736455
009470,삼화전기,1840,-35,-1.87,1880,1890,1800,47660,87476450,12169428800,6613820
011230,삼화전자,5510,-110,-1.96,5610,5680,5510,32691,182201310,32007039000,5808900
001820,삼화콘덴서,1720,-190,-9.95,1890,1890,1720,162210,291915700,17879400000,10395000
000390,삼화페인트,2980,-70,-2.3,3060,3080,2935,106493,320079190,66752000000,22400000
000360,삼환기업,5850,-200,-3.31,6140,6140,5850,112860,674012800,69177975750,11825295
000365,삼환기업(1우),4215,5,0.12,4205,4215,4110,12900,53746000,6112567710,1450194
013700,삼환까뮤,2300,-120,-4.96,2450,2450,2280,19771,46213300,10385024400,4515228
011420,상림,2990,-55,-1.81,3080,3100,2910,20440,61212300,8073717600,2700240
006280,상아제약,6400,300,4.92,6100,6500,6000,20110,126879300,30839910400,4818736
008000,새한,2700,-430,-13.74,3100,3225,2675,1880977,5491330150,114601278600,42444918
005070,새한미디어,3970,-445,-10.08,4300,4530,3925,726604,3043660180,62831947390,15826687
007540,샘표식품,4500,-10,-0.22,4500,4500,4420,4000,17788800,19998000000,4444000
001600,서광건설,2595,-255,-8.95,2850,2880,2550,13040,35251300,10489075635,4042033
017390,서울가스,26150,-850,-3.15,27000,27000,26100,602,15807300,130750000000,5000000
004410,서울식품,1760,-150,-7.85,1900,1935,1750,106380,191002650,8390060800,4767080
004415,서울식품(1우),3340,-225,-6.31,3565,3580,3310,4770,16420100,594396420,177963
016560,서울저축은행,7210,-220,-2.96,7320,7320,6630,1140,8179300,15357300000,2130000
001200,서울증권,4540,-325,-6.68,4815,4860,4515,181870,844355300,253000634480,55727012
021050,서원,3750,0,0,3770,3775,3720,16500,61784700,10490471250,2797459
001150,서통,2485,-100,-3.87,2555,2590,2470,96800,243743900,18951827650,7626490
001155,서통(1우),2400,-70,-2.83,2440,2440,2360,3681,8910600,2168503200,903543
008490,서흥캅셀,8180,-10,-0.12,8200,8270,8180,7990,65427800,48284413200,5902740
007610,선도전기,1490,-90,-5.7,1570,1580,1490,186041,285698490,26185902190,17574431
014300,선진,11000,-350,-3.08,11600,11600,11000,6872,76971000,24200000000,2200000
002820,선창산업,10000,-600,-5.66,10500,10500,10000,10640,107210000,20000000000,2000000
012580,성도,5590,-310,-5.25,5820,5930,5500,41640,235231800,19426927000,3475300
014910,성문전자,800,-90,-10.11,900,905,800,833280,704593450,10403000000,13003750
014915,성문전자(1우),1345,-25,-1.82,1390,1440,1290,16380,21723900,807000000,600000
003080,성보화학,11650,50,0.43,11600,11750,11550,3009,34975850,16310000000,1400000
004980,성신양회,12350,-350,-2.76,12700,12850,12300,60870,765050000,221349655150,17923049
004985,성신양회(1우),6640,-60,-0.9,6600,6640,6520,4920,32400200,4884682800,735645
004987,성신양회(2우B),9650,-150,-1.53,9800,9900,9650,510,4971800,2129687450,220693
004989,성신양회(3우B),7550,-100,-1.31,7600,7660,7550,2090,15811100,2166079900,286898
011300,성안,2350,-85,-3.49,2445,2630,2350,347560,867327550,12487096300,5313658
012090,성원건설,895,-15,-1.65,910,970,870,585230,543718500,17502603890,19555982
012095,성원건설(1우),1150,-10,-0.86,1120,1260,1120,10060,11883700,760741100,661514
005980,성지건설,2635,-135,-4.87,2770,2770,2630,65000,175658800,15810000000,6000000
000180,성창기업,10900,-500,-4.39,11600,12500,10800,1225376,14357623900,65400000000,6000000
004060,세계물산,4680,-210,-4.29,4925,4925,4500,51710,241954050,85809269520,18335314
002420,세기상사,54000,-3200,-5.59,55600,57000,52000,1890,103222000,17149968000,317592
027970,세림제지,8400,-190,-2.21,8500,8690,8340,16440,138774400,29940800400,3564381
004360,세방기업,2350,-35,-1.47,2380,2410,2300,39690,93947950,23500000000,10000000
004365,세방기업(1우),1350,-85,-5.92,1435,1440,1350,11770,16639450,4980487500,3689250
004490,세방전지,2100,-110,-4.98,2210,2210,2090,41170,87547050,29400000000,14000000
004230,세신,2380,-420,-15,2725,2790,2380,135690,335437200,10227193200,4297140
003030,세아제강,13750,-100,-0.72,13900,13900,13600,5560,76631500,66000000000,4800000
058650,세아홀딩스,14900,-50,-0.33,14850,14900,14850,20,297500,41720000000,2800000
013240,세양산업,6800,-350,-4.9,7550,7550,6230,5780,40650200,18240320000,2682400
000790,세양선박,475,-40,-7.77,510,515,445,1315340,642243450,22972534250,48363230
013000,세우글로벌,685,-120,-14.91,790,815,685,15152890,11113945200,32291598700,47141020
013005,세우글로벌(1우),4810,-840,-14.87,5200,5730,4810,1230,6203500,267484100,55610
023960,세원E&T,830,-30,-3.49,875,875,830,95220,81160150,21082000000,25400000
021820,세원정공,7500,-10,-0.13,7410,7600,7350,1100,8205300,7500000000,1000000
007910,세원화성,5450,-100,-1.8,5640,5690,5450,35750,197990400,17440000000,3200000
033530,세종공업,2265,-115,-4.83,2340,2360,2265,84295,194674025,45423283950,20054430
016420,세종증권,2900,-180,-5.84,3090,3090,2900,120930,362519850,93628457500,32285675
001020,세풍,4050,55,1.38,3760,4050,3720,121389,474583500,73651279050,18185501
006750,센추리,3450,-150,-4.17,3675,3680,3420,42410,149328200,20700000000,6000000
012250,셰프라인,445,-65,-12.75,510,510,445,1024730,479380350,11772766030,26455654
007800,솔로몬저축은행,1570,-105,-6.27,1640,1690,1560,56360,90164100,14444000000,9200000
004430,송원산업,20450,0,0,20450,20500,20450,360,7367000,32720000000,1600000
004720,수도약품,4910,-160,-3.16,5110,5110,4800,55750,276788000,11931300000,2430000
017550,수산중공업,2200,-135,-5.78,2240,2335,2200,16399,36690800,5391315600,2450598
017555,수산중공업(1우),101500,-1000,-0.98,113500,113500,101500,20,2150000,103631500,1021
002200,수출포장,8690,-30,-0.34,8890,8890,8650,26521,230775890,34760000000,4000000
004190,스마텔,2340,0,0,0,0,0,0,0,38001600000,16240000
015020,스타코,3550,-55,-1.53,3560,3890,3550,65860,240714700,20182318000,5685160
001580,신광기업,3700,-250,-6.33,3980,4090,3500,390210,1437444900,14555670500,3933965
016590,신대양제지,8070,190,2.41,8090,8090,7910,66140,528693000,28978304760,3590868
029530,신도리코,70300,1500,2.18,70000,70400,68100,23090,1608562000,708626038700,10080029
004660,신동방,760,-25,-3.18,765,795,725,360510,272357750,48426388320,63718932
000370,신동아화재,2385,-210,-8.09,2610,2610,2340,62580,150838350,36539683470,15320622
004970,신라교역,2000,-140,-6.54,2120,2155,1985,269780,562216650,26000000000,13000000
009200,신무림제지,6200,-40,-0.64,6320,6350,6200,63350,397100300,114817800000,18519000
001970,신성,1860,-190,-9.27,2075,2090,1850,514770,1001264950,16484986560,8862896
001975,신성(1우),2030,-290,-12.5,2350,2350,2030,40990,87605300,1335811050,658035
006150,신성기업,3500,-180,-4.89,3540,3630,3500,6300,22270500,9450000000,2700000
003990,신성무역,13650,-1850,-11.94,15350,15850,13200,114910,1652690500,23972416650,1756221
011930,신성이엔지,3365,-230,-6.4,3540,3700,3365,1523768,5296610870,115628130000,34362000
005390,신성통상,3320,-350,-9.54,3700,3700,3230,143670,491481300,47711185480,14370839
004170,신세계,163000,-5500,-3.26,168500,170000,161000,82510,13561690000,2422261500000,14860500
004175,신세계(1우B),140000,-3000,-2.1,140000,141000,132500,3020,415480000,420000000000,3000000
034300,신세계건설,11550,-150,-1.28,11950,11950,11550,6055,70613250,46200000000,4000000
005800,신영와코루,44400,0,0,44400,44400,42100,820,36098500,39960000000,900000
001720,신영증권,14900,-300,-1.97,15050,15100,14400,25670,380278500,139854931300,9386237
001725,신영증권(1우),11550,0,0,11500,11600,11350,4460,51007500,81470962650,7053763
025620,신우,11000,0,0,11050,11200,10850,57250,630801500,32023002000,2911182
009270,신원,650,-5,-0.76,655,685,645,7724816,5151883250,132184876850,203361349
009275,신원(1우),2300,-220,-8.73,2585,2690,2300,15900,40157800,834814900,362963
014350,신일건업,2785,-115,-3.97,2865,2920,2770,74839,210839365,16710000000,6000000
002700,신일산업,2850,-205,-6.71,3005,3080,2850,85150,252763350,6897000000,2420000
008040,신촌사료,1190,-160,-11.85,1370,1370,1150,896360,1084726650,10710000000,9000000
019170,신풍제약,11450,-450,-3.78,11650,12000,11400,52880,612328000,43406068350,3790923
019175,신풍제약(1우),11650,-300,-2.51,11750,12000,11500,3490,40490000,2563000000,220000
002870,신풍제지,6600,-200,-2.94,6810,6850,6600,34669,233071600,18665222400,2828064
005450,신한,1235,-95,-7.14,1325,1355,1205,34210,43985750,19256822715,15592569
055550,신한지주,13750,-250,-1.79,14150,14200,13650,2038420,28426765000,4019961948750,292360869
002360,신호유화,3030,-250,-7.62,3240,3240,2970,63380,195589300,11237242830,3708661
002365,신호유화(1우),170000,0,0,0,0,0,0,0,105740000,622
007190,신호제지,430,10,2.38,415,450,415,1218420,521302350,56281395380,130886966
007195,신호제지(1우),1740,-240,-12.12,1730,1930,1730,1750,3094350,741339180,426057
001770,신화실업,5360,-100,-1.83,5440,5450,5360,1793,9697880,4824000000,900000
004080,신흥,2720,-60,-2.16,2740,2760,2715,7380,20157100,36627900800,13466140
001500,신흥증권,3405,-40,-1.16,3450,3475,3405,46020,157679600,37455000000,11000000
008900,쌍방울,6110,-280,-4.38,6250,6380,6050,328179,2020580990,146527624880,23981608
001250,쌍용,3100,160,5.44,3135,3380,3065,12041823,39324026650,90947490000,29337900
003410,쌍용양회,1590,-45,-2.75,1640,1690,1580,2304280,3791406350,225635499210,141909119
003415,쌍용양회(1우),1150,-40,-3.36,1170,1230,1145,42480,50293500,2840380400,2469896
003417,쌍용양회(2우B),5000,130,2.67,4900,5000,4870,3330,16565800,604975000,120995
003419,쌍용양회(3우B),1310,-10,-0.76,1310,1320,1220,7730,9685950,1664282950,1270445
00341A,쌍용양회(4우B),0,0,0,0,0,0,0,0,13100000000,10000000
00341D,쌍용양회(5우B),0,0,0,0,0,0,0,0,40977324000,31280400
003620,쌍용차,6130,-570,-8.51,6700,6860,6100,2867161,18294135130,740532320600,120804620
000540,쌍용화재,3400,-150,-4.23,3560,3635,3305,155250,538041200,41675840000,12257600
000545,쌍용화재(1우),1800,-45,-2.44,1845,1845,1745,3660,6550200,1382400000,768000
000547,쌍용화재(2우B),4530,-15,-0.33,4495,4550,4270,150,650200,695808000,153600
004770,써니전자,4850,-170,-3.39,5050,5050,4850,9330,45775350,9700000000,2000000
016970,씨크롭,305,-50,-14.08,335,340,305,4407317,1375713785,17796329100,58348620
016975,씨크롭(1우),1600,-180,-10.11,1680,1770,1560,5810,9362400,535760000,334850
001830,아남반도체,3860,-340,-8.1,4120,4200,3830,2016595,8043306500,478179764480,123880768
001835,아남반도체(1우),3590,-310,-7.95,3800,3895,3590,23010,85119650,8042461600,2240240
001837,아남반도체(2우B),5360,-90,-1.65,5270,5500,4910,3810,19776100,1801152960,336036
008700,아남전자,2910,-260,-8.2,3105,3150,2905,148970,450217450,22195972620,7627482
008705,아남전자(1우),93100,0,0,0,0,0,0,0,257793900,2769
002030,아세아시멘트,24650,-50,-0.2,25300,25300,24300,5220,129059000,107987804600,4380844
002310,아세아제지,6870,-130,-1.86,7000,7050,6870,31390,218021200,41506204200,6041660
006840,애경유화,16300,-200,-1.21,16400,16650,16300,6540,107223500,97800000000,6000000
011090,에넥스,8340,-110,-1.3,8390,8620,8340,76690,651229000,37925316000,4547400
012750,에스원,22850,150,0.66,23000,23000,22300,41220,936718500,868281217300,37999178
003640,연합철강,69100,-1100,-1.57,69600,70200,69000,730,50848000,131290000000,1900000
014440,영보화학,2000,-125,-5.88,2150,2180,1970,155080,317839500,40000000000,20000000
009970,영원무역,1240,-65,-4.98,1320,1345,1235,1954070,2525027050,63257776640,51014336
003520,영진약품,1880,-50,-2.59,1990,1990,1870,85890,165042500,20532083480,10921321
010600,영창실업,5130,-100,-1.91,5170,5290,5100,7510,38896600,9210124980,1795346
001890,영창악기,5750,-300,-4.96,6060,6080,5560,49028,280556500,30600649000,5321852
000670,영풍,47000,0,0,0,0,0,0,0,86575880000,1842040
002850,영풍산업,7620,990,14.93,6890,7620,6720,7928260,58327480500,89738019660,11776643
002855,영풍산업(1우),8320,1080,14.92,7800,8320,7500,154090,1249304400,4383217280,526829
002857,영풍산업(2우B),17350,2250,14.9,16400,17350,15500,14791,250364850,1371066400,79024
006740,영풍제지,8190,-30,-0.36,8220,8270,8110,5350,43683400,18181800000,2220000
012280,영화금속,565,-35,-5.83,595,600,555,1010550,579309750,16430392100,29080340
007310,오뚜기,23700,-950,-3.85,24300,24900,23700,4680,112984500,81528000000,3440000
002630,오리엔트,4495,-145,-3.13,4625,4685,4315,9982,45540440,7192000000,1600000
006090,오양수산,2155,-85,-3.79,2230,2280,2140,173230,380081300,6163300000,2860000
004940,외환은행,4450,-190,-4.09,4640,4680,4440,1095852,4941860800,988678442950,222174931
038400,외환카드,11700,-200,-1.68,11900,12500,11600,185695,2229908500,488756291400,41774042
053000,우리금융,4815,-135,-2.73,5000,5000,4815,1173370,5750725950,3697025965245,767814323
001280,우리증권,4940,-55,-1.1,4995,5000,4770,60630,297720800,162804680220,32956413
013200,우방,5000,-880,-14.97,5510,5680,5000,153690,789407400,51643765000,10328753
006980,우성사료,12250,-1250,-9.26,13000,13700,12200,20099,256189250,37852500000,3090000
006210,우성식품,440,-75,-14.56,510,515,440,1474720,697048100,17805026800,40465970
017370,우신시스템,2300,60,2.68,2220,2300,2200,592653,1334673150,23000000000,10000000
016880,웅진닷컴,3990,-195,-4.66,4170,4235,3950,771820,3122951600,143070267900,35857210
021240,웅진코웨이,8130,-220,-2.63,8380,8520,8130,354990,2964806200,187241704800,23030960
005820,원림,5810,-60,-1.02,5820,5840,5810,2742,15996620,12782000000,2200000
007120,유니모테크,1330,-90,-6.34,1420,1430,1260,237170,321647550,18010326670,13541599
000910,유니온,9510,-300,-3.06,9950,9950,9510,2950,28652300,12937860480,1360448
011330,유니켐,2820,-5,-0.18,2755,2855,2755,53069,148233730,13050412920,4627806
067830,유레스,8030,-70,-0.86,8300,8310,7850,175990,1415951800,65886495290,8205043
024870,유성금속,505,-45,-8.18,550,555,505,280070,146936950,7362900000,14580000
002920,유성기업,14000,-200,-1.41,14500,14500,13900,3930,55411000,33402376000,2385884
011690,유양정보,4045,-95,-2.29,4080,4120,3900,22635,89880625,14607316135,3611203
000220,유유,16700,-300,-1.76,17000,17500,16600,26950,453757000,20735688600,1241658
000225,유유(1우),10850,-450,-3.98,11150,11250,10850,3140,34699500,2459619050,226693
000227,유유(2우B),32000,-1000,-3.03,32500,33900,32000,420,13536500,1050112000,32816
000100,유한양행,54800,-100,-0.18,54800,54900,53900,14160,771101000,363954638400,6641508
000105,유한양행(1우),46000,-1100,-2.34,46000,46000,46000,10,460000,10864648000,236188
000107,유한양행(2우B),52000,-1000,-1.89,53000,53000,52000,20,1050000,614068000,11809
005690,유화,2450,-130,-5.04,2575,2575,2300,2820,6529300,3234000000,1320000
003460,유화증권,6470,-130,-1.97,6500,6590,6300,15260,99863500,73372925010,11340483
003465,유화증권(1우),6180,-70,-1.12,6180,6190,6180,1380,8531100,21600861300,3495285
008730,율촌화학,3800,-80,-2.06,3900,3925,3760,105420,404538600,112300488000,29552760
008250,이건산업,3050,-45,-1.45,3100,3100,3030,13560,41395500,13497058250,4425265
025820,이구산업,10250,-300,-2.84,10600,10600,10250,3610,37259000,21836610250,2130401
017170,이노츠,2020,-155,-7.13,2190,2215,2020,159650,337910800,11401029480,5644074
005950,이수화학,11500,-300,-2.54,11900,11900,11400,38140,440358000,110035185500,9568277
000760,이화산업,5600,-150,-2.61,5670,5780,5600,8590,48754000,15680000000,2800000
023800,인지컨트롤스,2915,-60,-2.02,2955,2995,2915,39270,115237700,30170250000,10350000
020120,인큐브테크,4500,-90,-1.96,4790,4790,4500,400,1811900,5204439000,1156542
014010,인터피온반도체,1520,-210,-12.14,1660,1710,1500,354630,563741750,23841497920,15685196
014015,인터피온반도체(1우),191000,0,0,0,0,0,0,0,96646000,506
000230,일동제약,7970,-170,-2.09,8120,8120,7950,17770,142283600,31042321120,3894896
013360,일성건설,350,0,0,0,0,0,0,0,2353760500,6725030
003120,일성신약,14000,-600,-4.11,14500,14500,13850,36340,514998000,37240000000,2660000
003200,일신방직,40800,-200,-0.49,40250,40800,40250,270,10988500,97920000000,2400000
007110,일신석재,1815,-105,-5.47,1770,1980,1770,106870,193818300,8581873575,4728305
007570,일양약품,3800,-255,-6.29,4055,4055,3800,144760,568648850,26794799400,7051263
007575,일양약품(1우),3750,-150,-3.85,3890,3890,3710,7130,26781500,834525000,222540
008500,일정실업,20200,-200,-0.98,20050,20200,20050,460,9287500,24240000000,1200000
010510,일진,2330,-150,-6.05,2460,2530,2305,575600,1380636700,61370326680,26339196
020760,일진다이아,16800,-850,-4.82,17300,17650,16400,62163,1050745900,106008000000,6310000
015860,일진전기,3040,50,1.67,2990,3090,2920,990717,2989354480,75140275840,24717196
001590,일화모직,2240,-140,-5.88,2340,2350,2200,19320,43896800,3136000000,1400000
033240,자화전자,9300,-210,-2.21,9650,9740,9150,228190,2151441700,165726000000,17820000
009720,전기초자,62900,-200,-0.32,62600,63900,62000,13050,816891000,507815287500,8073375
000950,전방,36250,-1400,-3.72,37600,37600,36250,1060,39745000,60900000000,1680000
006350,전북은행,2540,-155,-5.75,2680,2720,2535,395392,1029759330,83982803840,33064096
030000,제일기획,100000,-5000,-4.76,104500,106500,100000,22277,2270925000,460164900000,4601649
001300,제일모직,17300,-250,-1.42,17600,17700,16900,347510,5967530000,865000000000,50000000
002620,제일약품,22500,-350,-1.53,23000,23000,22400,3680,83786500,33412500000,1485000
000110,제일은행,2645,0,0,0,0,0,0,0,846400000000,320000000
024100,제일저축은행,2800,-70,-2.44,2870,2870,2760,10320,29114300,16240000000,5800000
000610,제일화재,1620,-125,-7.16,1730,1755,1615,524490,872921850,43374485880,26774374
006220,제주은행,3955,-120,-2.94,4020,4080,3950,8303,33495565,61416301170,15528774
004910,조광페인트,2075,-95,-4.38,2180,2220,2030,796150,1685809100,26560000000,12800000
004700,조광피혁,6470,-340,-4.99,6860,6860,6460,96090,635623200,39379887920,6086536
001550,조비,4710,-350,-6.92,5060,5200,4540,146300,698111450,8806946400,1869840
000480,조선내화,14200,-150,-1.05,14200,14600,13850,4319,61163800,56800000000,4000000
000590,조선선재,21350,-200,-0.93,21550,21550,21350,830,17806000,12810000000,600000
018470,조일알미늄,3910,-690,-15,4500,4550,3910,151790,634542450,27213600000,6960000
009380,조일제지,3220,420,15,2725,3220,2725,77420,240739250,2788416960,865968
000010,조흥은행,4925,-165,-3.24,5010,5070,4925,1402890,6964477200,3344658262825,679118429
002600,조흥화학,41000,500,1.23,40900,41000,40900,130,5318000,24600000000,600000
001630,종근당,2150,-75,-3.37,2200,2240,2140,143402,311293800,25866800500,12031070
063160,종근당바이오,5940,-320,-5.11,6230,6270,5930,50330,304413700,19695572820,3315753
015110,중앙건설,6690,-350,-4.97,7040,7050,6680,152550,1040102500,44085407430,6589747
002880,중앙디지텍,1765,-35,-1.94,1830,1870,1710,78850,140016300,12181609930,6901762
005600,중앙제지,1770,-100,-5.35,1865,1900,1750,181800,327874600,13258009770,7490401
005605,중앙제지(1우B),1530,-130,-7.83,1630,1670,1530,14510,23605100,3060000000,2000000
001060,중외제약,8080,-60,-0.74,8100,8180,8080,34100,276620900,50613847200,6264090
001065,중외제약(1우),8950,70,0.79,8900,8970,8750,4270,37777300,912049750,101905
001067,중외제약(2우B),32300,-1150,-3.44,32550,32550,30700,50,1588000,524164400,16228
013890,지누스,10500,50,0.48,10400,10850,10250,330260,3491542000,51812964000,4934568
010580,지코,4900,-170,-3.35,5000,5280,4705,13940,69025400,13579213200,2771268
008400,진도,515,-45,-8.04,545,595,510,1083180,596114900,10339553545,20076803
008405,진도(1우),1790,-45,-2.45,1790,1845,1700,5054,8963510,474742010,265219
000080,진로,630,95,17.76,520,630,520,215527,124982560,8186276700,12994090
000085,진로(1우),480,80,20,430,490,430,53290,24194000,834541440,1738628
005560,진로산업,400,-25,-5.88,420,445,395,23660,9544000,4050646800,10126617
003780,진양,2400,-170,-6.61,2580,2600,2360,102608,254489350,12974400000,5406000
051630,진양화학,2490,-180,-6.74,2670,2725,2490,115670,296577850,5976000000,2400000
002780,진흥기업,700,-45,-6.04,750,755,690,976230,700563100,21433720000,30619600
007200,진흥저축은행,5580,-170,-2.96,5700,5700,5410,17310,95385800,27900000000,5000000
000650,천일고속,10800,-150,-1.37,10950,10950,10650,550,5898000,12960000000,1200000
001490,천지산업,500,-70,-12.28,570,570,495,179111,93962850,1972418500,3944837
012410,청호전자통신,5250,-430,-7.57,5700,6150,5220,30800,174659000,12580491000,2396284
012600,청호컴넷,10000,-750,-6.98,10650,10700,9950,109121,1112311800,56585820000,5658582
033250,체시스,570,-70,-10.94,620,625,560,291020,171807250,8002800000,14040000
001380,충남방적,1435,185,14.8,1435,1435,1375,5374680,7693096600,16014730585,11160091
001385,충남방적(1우),295000,15000,5.36,238000,315000,238000,70,19665000,48675000,165
005330,카스코,1110,-60,-5.13,1100,1190,1100,4410,5040200,6030668850,5433035
006380,카프로,2400,-105,-4.19,2460,2500,2400,23720,57634100,40008000000,16670000
015540,캔디글로벌,230,-20,-8,250,265,225,3426281,822686080,14402618400,62620080
015545,캔디글로벌(1우),9800,-130,-1.31,9410,9800,8830,340,3113700,267246000,27270
004620,캠브리지,8620,-80,-0.92,8660,8690,8500,1680,14455600,26699225960,3097358
011050,케드콤,560,-40,-6.67,605,605,555,477530,273493100,18531448880,33091873
009690,케이디케이,6370,-1120,-14.95,7490,7700,6370,95950,678443800,26407064320,4145536
029460,케이씨텍,3890,-240,-5.81,4070,4130,3865,655494,2608742910,101529000000,26100000
007460,케이아이씨,2710,-210,-7.19,2875,2920,2700,25520,69630850,23306000000,8600000
009810,케이아이티비,2045,-265,-11.47,2240,2280,2000,45500,95731400,15012919645,7341281
009815,케이아이티비(1우),25000,-2800,-10.07,26150,26150,25000,290,7510500,217425000,8697
064420,케이피케미칼,3460,-270,-7.24,3630,3740,3400,17850,64477500,328103810860,94827691
007810,코리아써키트,3325,-275,-7.64,3600,3630,3325,624930,2154193750,62291647250,18734330
007815,코리아써키트(1우),1620,-135,-7.69,1750,1760,1615,33450,56538450,4802797800,2964690
003690,코리안리,23850,-200,-0.83,24050,24200,23200,98140,2321948000,255265572150,10702959
002020,코오롱,7100,-310,-4.18,7450,7480,7100,121030,875367100,117317460600,16523586
002025,코오롱(1우),4350,-70,-1.58,4430,4430,4310,25440,111213450,16722491850,3844251
002027,코오롱(2우B),7000,-100,-1.41,6630,7020,6630,3110,21191500,1217559000,173937
003070,코오롱건설,2690,-45,-1.65,2750,2770,2650,422900,1147490700,79467495800,29541820
003075,코오롱건설(1우),2480,-55,-2.17,2515,2520,2475,41630,103767250,5944579840,2397008
003079,코오롱건설(3우B),5210,30,0.58,5180,5210,5170,4150,21558500,8336000000,1600000
011020,코오롱유화,30200,-1600,-5.03,31800,31800,30050,1340,40969500,56128512000,1858560
063510,코오롱인터,7800,-520,-6.25,8350,8450,7800,31810,255148000,13339372800,1710176
063515,코오롱인터(1우),11200,-1750,-13.51,13050,13050,11200,1320,15807000,1208726400,107922
067910,코크렙1,5320,-10,-0.19,5380,5380,5320,450,2396800,141512000000,26600000
070540,코크렙II,5190,10,0.19,5210,5210,5180,2801,14542690,58128000000,11200000
031820,콤텍시스템,1560,-140,-8.24,1680,1700,1560,924290,1505868400,41328852240,26492854
015260,큐엔텍코리아,375,-45,-10.71,420,420,375,670190,264282300,7187240625,19165975
005740,크라운제과,42950,-550,-1.26,41150,43900,41000,780,32929500,56951700000,1326000
005745,크라운제과(1우),22350,-450,-1.97,21900,22350,21200,180,3856500,2034185250,91015
015890,태경산업,2095,-20,-0.95,2125,2130,2060,99760,208470400,61234231250,29228750
003240,태광산업,129500,-3500,-2.63,132500,133000,129000,1230,160840000,144185300000,1113400
011280,태림포장,3610,-130,-3.48,3720,3720,3600,31860,116281750,25560944340,7080594
009310,태성기공,505,-35,-6.48,540,540,505,1089827,568360685,16686906900,33043380
004100,태양금속,3115,-115,-3.56,3140,3160,3115,10680,33421700,11432050000,3670000
004105,태양금속(1우),2195,-80,-3.52,2220,2245,2110,1430,3111000,724350000,330000
009410,태영,37200,500,1.36,37000,37200,35500,41830,1537662500,284208000000,7640000
009415,태영(1우),26200,2450,10.32,0,0,0,0,0,6700597600,255748
001420,태원물산,12400,-700,-5.34,12900,13000,12400,4920,62446000,7440000000,600000
008540,태창,840,-20,-2.33,860,880,810,212330,178383150,29985739560,35697309
007490,태창기업,15700,0,0,15500,15700,15400,540,8407000,15700000000,1000000
002790,태평양,104500,-500,-0.48,105000,106500,103000,27260,2843005000,888333600000,8500800
002795,태평양(1우),50200,-800,-1.57,51900,52400,50200,225,11543000,85348032000,1700160
007980,태평양물산,9000,-100,-1.1,9250,9250,8880,3600,32198700,21573000000,2397000
009080,태평양산업,7500,-200,-2.6,7700,7750,7500,19088,145067400,54335760000,7244768
009085,태평양산업(1우),7680,490,6.82,7090,7680,7090,1480,10957500,1192181760,155232
016570,태평양제약,11300,-200,-1.74,11500,11600,11300,10230,116857000,23831101100,2108947
016575,태평양제약(1우),9450,200,2.16,9220,9990,9220,6131,58441850,2079000000,220000
003570,통일중공업,600,-45,-6.98,645,650,590,626700,391375350,12267977400,20446629
012400,티비케이,415,-25,-5.68,440,450,415,663460,283774850,14547421205,35054027
012405,티비케이(1우),890,-30,-3.26,920,935,825,35540,31914550,1068000000,1200000
009320,파츠닉,2170,-135,-5.86,2305,2355,2170,87346,198513170,20136378290,9279437
025930,팬택,16400,-950,-5.48,17150,17700,16100,565710,9424303000,405384744800,24718582
010820,퍼스텍,955,25,2.69,910,975,900,1347072,1265043810,44182922200,46264840
016800,퍼시스,7640,130,1.73,7650,7780,7550,3480,26717400,95500000000,12500000
010770,평화산업,2150,-60,-2.71,2190,2220,2135,97470,211406000,45797451000,21301140
025000,포리올,20100,-100,-0.5,20400,20400,19800,4890,97846500,100500000000,5000000
058430,포항강판,19400,-200,-1.02,19350,19700,18850,34870,669415000,116400000000,6000000
017810,풀무원,43000,0,0,43800,43800,42300,55200,2378118000,221861424000,5159568
001310,풍림산업,2370,-155,-6.14,2530,2550,2360,604920,1480174000,51002400000,21520000
005810,풍산,12750,-100,-0.78,12950,13050,12550,188280,2387147500,410550000000,32200000
033180,필룩스,1070,-90,-7.76,1165,1175,1000,295750,326937000,17355171020,16219786
002860,하나은행,18400,-250,-1.34,18900,18900,17950,9880915,186222640000,3632752535200,197432203
003330,하나증권,5230,-300,-5.42,5530,5530,5120,82490,433606500,109315435990,20901613
003335,하나증권(1우),4670,-60,-1.27,4720,4720,4560,1580,7347750,17230072410,3689523
000660,하이닉스,315,-10,-3.08,315,340,310,365716675,117640400375,1650591271035,5239972289
019490,하이트론,4460,-240,-5.11,4650,4670,4460,35200,160618500,22665666480,5081988
000140,하이트맥주,55900,400,0.72,55700,56700,55500,47540,2663497000,1073123927200,19197208
000145,하이트맥주(1우),26000,0,0,26000,26000,25950,4070,105781000,21937370000,843745
036060,한강기금,2045,-10,-0.49,2055,2075,2030,38590,78812950,259019700000,126660000
036460,한국가스공사,24600,350,1.44,24700,24700,24000,137580,3360917500,1901198946000,77284510
005430,한국공항,12900,-900,-6.52,13500,13550,12600,28180,367543000,40845979500,3166355
004820,한국금속,3300,-400,-10.81,3610,3820,3250,100345,344849250,6864000000,2080000
010040,한국내화,1515,-90,-5.61,1630,1650,1495,123030,189804500,8380980000,5532000
025540,한국단자,18250,-150,-0.82,18400,18700,18000,20140,367782000,190073750000,10415000
004090,한국석유,13400,250,1.9,13500,14400,13200,48600,670923000,8779680000,655200
002960,한국쉘석유,27900,250,0.9,27600,28300,26800,6218,172179700,36270000000,1300000
002000,한국유리,18100,150,0.84,17850,18150,17500,13550,243355000,208686846000,11529660
002005,한국유리(1우),11600,-150,-1.28,11650,11650,11300,2110,24418000,5275297200,454767
025610,한국저축은행,5610,-350,-5.87,5870,5900,5610,9760,56070300,39270000000,7000000
015760,한국전력,18700,-300,-1.58,18950,19150,18600,1366881,25670232700,11969886381200,640100876
002300,한국제지,20000,-400,-1.96,20600,20600,20000,9739,197533500,100098980000,5004949
025890,한국주강,13500,0,0,13900,14000,13500,330,4527000,14551029000,1077854
000970,한국주철관,1940,-5,-0.26,1945,1995,1905,68890,133369700,44232970000,22800500
001940,한국철강,6840,-10,-0.15,6880,6940,6800,14120,96683300,82080000000,12000000
017960,한국카본,1665,-75,-4.31,1775,1775,1655,170490,289190100,49117500000,29500000
009760,한국컴퓨터,16900,0,0,0,0,0,0,0,68257798700,4038923
010150,한국코아,3085,-60,-1.91,3145,3165,3055,66970,207530600,21912279910,7102846
009440,한국코트렐,6740,-270,-3.85,7020,7090,6720,4960,34087800,8762000000,1300000
024720,한국콜마,3405,-240,-6.58,3620,3650,3400,348590,1221483350,47670000000,14000000
000240,한국타이어,2500,-35,-1.38,2535,2565,2455,614450,1528760150,375474822500,150189929
007280,한국특수형강,10200,-500,-4.67,10700,10700,10150,6280,65491000,10200000000,1000000
005420,한국티타늄,1510,-70,-4.43,1585,1615,1510,33820,52226550,14726303690,9752519
010640,한국폴리,6050,-80,-1.31,6230,6230,6010,7310,44599100,8772500000,1450000
010100,한국프랜지,10400,-200,-1.89,10550,10650,10300,15449,160845100,42224582400,4060056
025830,한국합섬,370,-20,-5.13,395,400,365,2552291,965800770,32967000000,89100000
003350,한국화장품,1555,-95,-5.76,1640,1650,1555,126360,203556250,32033000000,20600000
002390,한독약품,39600,600,1.54,39200,39900,38800,4490,175182500,45936000000,1160000
014790,한라건설,3970,-65,-1.61,4050,4150,3885,113590,454881850,38259112320,9637056
018880,한라공조,42900,-950,-2.17,43300,44200,42900,20250,879283000,458000400000,10676000
008930,한미약품,21700,-1250,-5.45,22950,23400,21700,59940,1324660500,146313964300,6742579
016830,한미은행,8700,-200,-2.25,8900,8940,8640,454080,3973242300,1592680855500,183066765
01683C,한미은행(6우B),8230,-100,-1.2,8340,8340,8150,31480,258990400,164600000000,20000000
021960,한미캐피탈,755,-50,-6.21,810,810,750,382730,294920350,28063598395,37170329
012420,한불종금,1650,-35,-2.08,1670,1675,1630,15850,26157300,42900000000,26000000
018020,한빛여신,445,55,14.1,445,445,445,2297304,1022300280,68284118810,153447458
009240,한샘,11500,-900,-7.26,12300,12450,11500,214090,2552800500,270640172000,23533928
020000,한섬,9240,-470,-4.84,9550,9670,9150,191290,1772679800,175285987800,18970345
003680,한성기업,3150,-110,-3.37,3260,3300,3115,129050,411338150,14799868650,4698371
016450,한세실업,10300,-200,-1.9,10750,10750,10300,3400,35427000,30601300000,2971000
009180,한솔CSN,1930,-155,-7.43,2125,2180,1905,1751601,3543289980,93914203370,48660209
004710,한솔전자,6900,-500,-6.76,7300,7350,6900,98128,694680700,29739062100,4310009
004150,한솔제지,6670,0,0,6680,6750,6540,639600,4225772000,290975214900,43624470
004155,한솔제지(1우),5130,-80,-1.54,5310,5310,5100,26950,139064300,4428226260,863202
014680,한솔케미언스,2735,-50,-1.8,2785,2785,2670,41790,114069050,29979059775,10961265
010420,한솔텔레컴,2430,-80,-3.19,2550,2550,2410,42745,104811850,17632682640,7256248
004960,한신공영,5660,-150,-2.58,5850,5850,5660,74923,430671780,56081493060,9908391
004965,한신공영(1우),39050,-1450,-3.58,39050,39850,39000,200,7814500,139486600,3572
011700,한신기계,4790,170,3.68,4690,4800,4650,92030,434372300,13699400000,2860000
001750,한양증권,2815,-105,-3.6,2980,2980,2805,59560,171661800,35830823210,12728534
001755,한양증권(1우),3150,-45,-1.41,3150,3150,3150,300,945000,1653750000,525000
009420,한올제약,6870,-390,-5.37,7360,7360,6840,71910,502025300,20610000000,3000000
014130,한익스프레스,4210,-160,-3.66,4425,4425,4200,7840,33541550,5052000000,1200000
006440,한일건설,3680,-20,-0.54,3720,3745,3630,8020,29625300,29245350080,7947106
003300,한일시멘트,35000,-400,-1.13,35700,35700,34800,14730,518801000,240908045000,6883087
003040,한일약품,3550,-140,-3.79,3635,3645,3550,79000,287313300,17040000000,4800000
007860,한일이화,1125,-20,-1.75,1145,1145,1110,46110,52085500,42113641500,37434348
002220,한일철강,11800,-200,-1.67,12100,12100,11500,10160,119699000,36472561000,3090895
003980,한일합섬,360,-20,-5.26,380,390,340,961362,348926020,22640174640,62889374
003985,한일합섬(1우),1220,-65,-5.06,1300,1340,1215,46019,56417480,534912660,438453
002320,한진,14700,-800,-5.16,15500,15700,14700,130055,1959791500,176027443200,11974656
003480,한진중공업,3500,-25,-0.71,3525,3550,3475,380080,1330158850,232209771500,66345649
000700,한진해운,6550,0,0,6600,6680,6430,1359592,8894154200,469498380100,71679142
005110,한창,1980,-245,-11.01,2210,2250,1980,770530,1591385850,19928072340,10064683
009460,한창제지,3100,-180,-5.49,3290,3300,3100,88188,280512900,12569675400,4054734
000880,한화,2385,45,1.92,2370,2490,2320,4168420,10020135200,178567656975,74871135
000885,한화(1우),3250,210,6.91,3040,3430,2960,77860,248573750,1557705500,479294
000887,한화(2우B),10250,-150,-1.44,10550,11350,10250,4852,52073000,897900000,87600
009830,한화석화,4000,-210,-4.99,4150,4295,4000,1011390,4142309400,398636296000,99659074
009835,한화석화(1우),2600,15,0.58,2590,2600,2510,5460,13976400,6171354800,2373598
009837,한화석화(2우B),4420,-50,-1.12,4485,4575,4420,360,1611650,1573696800,356040
003530,한화증권,2915,-115,-3.8,3030,3030,2910,147580,436413300,108891722665,37355651
003535,한화증권(1우),2620,-125,-4.55,2720,2720,2600,20171,53523270,12576000000,4800000
003900,해태유업,1435,-250,-14.84,1600,1685,1435,271370,405961650,42970041800,29944280
003905,해태유업(1우),2415,-425,-14.96,2615,2615,2415,65010,158564950,504565950,208930
010090,해태유통,975,125,14.71,870,975,820,612039,551607025,6851312325,7026987
010095,해태유통(1우B),0,0,0,0,0,0,0,0,56616300,58068
016510,현대DSF,3205,-170,-5.04,3350,3400,3185,110200,361398050,28845000000,9000000
000720,현대건설,1880,-95,-4.81,1990,2005,1880,5249860,10119617900,917385886080,487971216
000725,현대건설(1우),3620,-410,-10.17,4100,4100,3620,53590,207887500,3238636620,894651
018410,현대금속,990,-80,-7.48,1090,1090,990,1067030,1096198950,39268221300,39664870
018415,현대금속(1우),17550,-950,-5.14,0,0,0,0,0,398034000,22680
018417,현대금속(2우B),790,-45,-5.39,815,840,790,23380,19107850,2517609920,3186848
012330,현대모비스,27000,-900,-3.23,27900,27950,27000,438941,12063088000,2299826817000,85178771
012335,현대모비스(1우),31500,-500,-1.56,32350,32350,31500,170,5440000,801927000,25458
012337,현대모비스(2우B),106000,-4500,-4.07,106000,106000,106000,10,1060000,307400000,2900
010620,현대미포조선,4950,-240,-4.62,5050,5270,4830,135800,677073100,72270000000,14600000
069960,현대백화점,22000,-700,-3.08,22300,23200,21850,469396,10478443500,487689884000,22167722
005440,현대백화점H&S,11750,-1200,-9.27,13000,13000,11650,222152,2720553500,65117689250,5541931
012630,현대산업,7750,0,0,7730,7880,7700,269669,2100376750,584227395000,75384180
011760,현대상사,1225,110,9.87,1125,1265,1120,19079260,23021470050,90143910850,73586866
011200,현대상선,2315,-275,-10.62,2570,2580,2315,1340936,3204269340,238614525135,103073229
006390,현대시멘트,13800,0,0,14000,14000,13600,8160,112667000,101347200000,7344000
004310,현대약품,10350,-300,-2.82,10600,10700,10350,33870,355352000,28980000000,2800000
017800,현대엘리베이,6760,-350,-4.92,7100,7100,6760,28210,194877800,37932191960,5611271
042100,현대오토넷,1815,-5,-0.27,1835,1855,1750,3596150,6474071600,326337000000,179800000
009540,현대중공업,21800,-2100,-8.79,24050,24300,21750,477890,10831280500,1656800000000,76000000
003450,현대증권,6520,-330,-4.82,6850,6900,6480,727277,4807464040,698911015320,107194941
005380,현대차,30850,-1400,-4.34,32000,32300,30650,1046315,32648821250,6758886456700,219088702
005385,현대차(1우),15850,-800,-4.8,16600,16700,15850,87120,1406048500,397993214700,25109982
005387,현대차(2우B),14000,-1200,-7.89,15200,15300,13900,373905,5385424500,526594110000,37613865
005389,현대차(3우B),13000,-850,-6.14,13950,13950,13000,29252,390958500,32217887000,2478299
011720,현대페인트,9190,-300,-3.16,9550,9550,8910,3390,30873700,23155243470,2519613
010520,현대하이스코,4855,5,0.1,4990,4990,4850,74700,366243000,434258679300,89445660
001450,현대해상,29200,-1000,-3.31,30000,30050,29100,15220,448559500,261048000000,8940000
003010,혜인,1705,-95,-5.28,1835,1835,1705,376080,666736550,21191649600,12429120
011170,호남석유,25200,-900,-3.45,26500,26500,24850,308625,7818276000,802872000000,31860000
008770,호텔신라,5190,-200,-3.71,5370,5400,5180,211969,1114900810,203697747990,39248121
008775,호텔신라(1우),5120,-30,-0.58,5130,5150,5000,1220,6159500,3849620480,751879
002460,화성산업,4800,-70,-1.44,4820,4900,4750,14680,70569700,59763840000,12450800
013520,화승알앤에이,6550,-180,-2.67,6800,6840,6550,21180,141566700,39300000000,6000000
006060,화승인더,11750,-250,-2.08,11900,12250,11500,14200,168367500,35250000000,3000000
010690,화신,1010,-35,-3.35,1035,1050,975,69891,70708910,28280000000,28000000
025850,화인케미칼,13350,150,1.14,13200,13400,13050,23200,306480000,66750000000,5000000
010660,화천기계,7570,-210,-2.7,7750,7750,7530,5030,38559200,16654000000,2200000
000850,화천기공,6400,-20,-0.31,6450,6520,6350,4570,29266000,10752000000,1680000
016580,환인제약,22100,150,0.68,22100,22400,21900,9710,214108500,42874154700,1940007
004800,효성,14500,0,0,14500,14550,13700,475580,6656611500,441992857000,30482266
000040,효성기계,3545,-365,-9.34,3870,3870,3330,47146,168314220,3820021100,1077580
004870,휴넥스,7850,-30,-0.38,7780,8290,7780,2450,19509500,19892865550,2534123
005870,휴니드,740,-70,-8.64,810,820,695,6534942,4872621280,43949865400,59391710
009790,휴닉스,1575,-275,-14.86,1860,1890,1575,1393510,2313424750,7327830825,4652591
009795,휴닉스(1우),1190,-210,-15,1360,1380,1190,50550,62622450,502283530,422087
005010,휴스틸,7000,-270,-3.71,7360,7370,6900,176030,1259923600,48430319000,6918617
069260,휴켐스,2500,-170,-6.37,2655,2705,2490,219040,565069050,53227330000,21290932
003280,흥아해운,6650,-410,-5.81,7100,7100,6650,2680,18156600,5586000000,840000
007630,흥창,12250,-1150,-8.58,13150,13150,12100,2600,32473000,2474230500,201978
000500,희성전선,7140,-20,-0.28,7230,7270,7130,53276,382653240,27846000000,3900000
