단축코드,종목명,종가,대비,등락률,시가,고가,저가,거래량,거래대금,시가총액,상장주식수
095570,AJ네트웍스,5660,-10,-0.18,5670,5700,5560,104002,582984110,265014189700,46822295
006840,AK홀딩스,27000,400,1.5,26950,27000,26550,11921,318889900,357684147000,13247561
027410,BGF,5600,120,2.19,5590,5640,5490,139037,773548150,536014029600,95716791
282330,BGF리테일,168000,-6500,-3.72,173000,174500,166500,56279,9535223500,2903696208000,17283906
138930,BNK금융지주,8840,230,2.67,8630,8920,8630,2378127,21016985540,2881267574640,325935246
001460,BYC,429000,0,0,427000,432000,427000,62,26617500,267959835000,624615
001465,BYC우,180000,-500,-0.28,180500,180500,180000,43,7745000,38769300000,215385
001040,CJ,98400,0,0,99000,99500,97900,72282,7118921300,2871016603200,29176998
079160,CJ CGV,30850,350,1.15,30800,31150,30300,362807,11152262250,1161870262850,37661921
00104K,CJ4우(전환),82200,200,0.24,82400,82400,81600,4734,388251300,347419286400,4226512
000120,CJ대한통운,148000,0,0,148000,149500,147500,47746,7089507500,3376226912000,22812344
011150,CJ씨푸드,3960,120,3.13,3895,4065,3835,434589,1725976880,142285861080,35930773
011155,CJ씨푸드1우,40500,200,0.5,41000,41000,40100,42,1706000,8100000000,200000
001045,CJ우,60100,100,0.17,60100,60300,59500,353,21180400,135839402300,2260223
097950,CJ제일제당,400000,-3000,-0.74,407000,407000,400000,40188,16186366500,6021674400000,15054186
097955,CJ제일제당 우,199500,500,0.25,199000,200500,198000,1883,374667500,264822883500,1327433
000590,CS홀딩스,63700,400,0.63,63400,63700,62800,1281,81117700,73540503400,1154482
012030,DB,1010,18,1.81,1010,1010,992,776842,777326587,203185672330,201173933
016610,DB금융투자,6950,160,2.36,6860,6980,6810,192468,1332142110,295002403550,42446389
005830,DB손해보험,65800,400,0.61,64600,66700,64600,106973,7014622600,4658640000000,70800000
000990,DB하이텍,53500,2500,4.9,52400,53800,52300,1003200,53299257700,2375324458000,44398588
000995,DB하이텍1우,102500,1500,1.49,103000,104000,102500,266,27423500,11512390000,112316
139130,DGB금융지주,9960,240,2.47,9790,9980,9750,490050,4845190250,1684692496680,169145833
001530,DI동일,326000,-6000,-1.81,334500,339500,322000,21897,7169660500,818473530000,2510655
000210,DL,69700,500,0.72,69600,70100,69100,70293,4889582800,1460625114800,20955884
001880,DL건설,30250,50,0.17,30350,30450,30100,12129,367170600,667111841000,22053284
000215,DL우,41950,100,0.24,42400,42850,41800,9025,380410150,70732524250,1686115
375500,DL이앤씨,137500,3000,2.23,135000,138000,135000,75927,10394622500,2661826475000,19358738
37550K,DL이앤씨우,76900,200,0.26,77000,77200,76400,4034,309894900,162557756500,2113885
004840,DRB동일,5820,100,1.75,5790,5840,5670,11352,65142790,115992600000,19930000
155660,DSR,8870,180,2.07,8840,9160,8710,920594,8210451660,141920000000,16000000
069730,DSR제강,8780,100,1.15,9000,9160,8710,722868,6460709930,126432000000,14400000
017940,E1,56500,1400,2.54,55400,56600,55100,20741,1161643800,387590000000,6860000
365550,ESR켄달스퀘어리츠,6420,10,0.16,6420,6470,6370,168591,1078699330,919722780000,143259000
383220,F&F,887000,-1000,-0.11,888000,930000,870000,34184,30127482000,6795675105000,7661415
007700,F&F홀딩스,37600,700,1.9,36600,37650,36550,136516,5083701350,1470700199200,39114367
114090,GKL,17200,300,1.78,16950,17250,16850,379245,6476214150,1063917524000,61855670
078930,GS,45400,600,1.34,44800,45400,44450,187993,8441096800,4218358161200,92915378
006360,GS건설,42500,550,1.31,42200,42750,41950,348049,14768692700,3637213325000,85581490
001250,GS글로벌,2950,-50,-1.67,3010,3035,2910,3886576,11457186305,243474603800,82533764
007070,GS리테일,33200,800,2.47,32550,33350,32500,283374,9325478450,3476635010400,104717922
078935,GS우,37200,200,0.54,37200,37200,37000,4290,159214150,66395527200,1784826
012630,HDC,10700,100,0.94,10700,10750,10550,276462,2942800450,639236414700,59741721
039570,HDC아이콘트롤스,12050,250,2.12,11800,12150,11750,10952,130164900,198343000000,16460000
089470,HDC현대EP,6210,-20,-0.32,6240,6260,6120,286480,1767720640,198099000000,31900000
294870,HDC현대산업개발,26400,100,0.38,26500,26600,26150,252265,6646606000,1739953512000,65907330
011200,HMM,30000,100,0.33,30400,31250,29900,5453731,165801195250,12161774610000,405392487
082740,HSD엔진,8120,20,0.25,8120,8220,8030,327784,2667071070,379376517520,46721246
003560,IHQ,1600,-10,-0.62,1640,1640,1585,1013616,1630370765,233977196800,146235748
175330,JB금융지주,8800,240,2.8,8610,8950,8570,416294,3643903200,1733449467200,196982894
234080,JW생명과학,15150,150,1,15150,15250,14950,25506,383942100,239893493100,15834554
001060,JW중외제약,24250,700,2.97,23600,24450,23600,45228,1086525000,522343205500,21539926
001067,JW중외제약2우B,54400,200,0.37,55000,55000,53500,567,30518400,5060723200,93028
001065,JW중외제약우,32600,500,1.56,32850,32850,32450,335,10926600,5786043600,177486
096760,JW홀딩스,3705,50,1.37,3700,3710,3645,40753,150035875,253574579310,68441182
105560,KB금융,55800,1200,2.2,54200,55900,54200,1385071,76526436000,23202081936000,415807920
002380,KCC,386000,-1500,-0.39,392500,395000,383000,29920,11604717000,3430177806000,8886471
344820,KCC글라스,65100,1800,2.84,64300,65700,63300,124090,8047492400,1039680331200,15970512
009070,KCTC,6560,650,11,5960,7280,5950,5538244,37547525180,196800000000,30000000
009440,KC그린홀딩스,5090,-20,-0.39,5150,5180,5020,55114,279936600,114194048200,22434980
119650,KC코트렐,6970,50,0.72,7000,7040,6840,86386,598427670,122672000000,17600000
092220,KEC,2660,40,1.53,2615,2690,2580,5351363,14131616060,310440460400,116706940
016380,KG동부제철,13050,-50,-0.38,13200,13300,12900,383545,5035836600,1305116105850,100008897
016385,KG동부제철우,102000,0,0,101500,103500,99800,242,24270000,5445270000,53385
001390,KG케미칼,33200,1500,4.73,32200,33300,31800,118516,3856233500,460354387200,13866096
033180,KH 필룩스,3190,-35,-1.09,3230,3265,3175,691755,2215227365,436169542160,136730264
001940,KISCO홀딩스,21350,-200,-0.93,21550,21750,21350,18234,392524850,394470713000,18476380
025000,KPX케미칼,60000,100,0.17,59900,60600,59600,4285,256446800,290400000000,4840000
092230,KPX홀딩스,65500,100,0.15,65800,66200,65400,1110,72765700,276714313000,4224646
000040,KR모터스,1015,0,0,1020,1035,1000,257664,261241765,97579428520,96137368
044450,KSS해운,11250,150,1.35,11150,11350,11050,66640,745664800,260841150000,23185880
030200,KT,31300,100,0.32,31200,31500,31200,396253,12421231400,8172799590400,261111808
033780,KT&G,81700,500,0.62,81200,82000,81200,306717,25052187700,11216797004900,137292497
030210,KTB투자증권,6490,-10,-0.15,6540,6590,6330,343669,2218263630,391438457080,60314092
058850,KTcs,2680,35,1.32,2675,2685,2625,108468,288263210,114395800000,42685000
058860,KTis,2555,65,2.61,2505,2555,2505,119211,301145325,88919110000,34802000
093050,LF,18250,-50,-0.27,18400,18450,18000,46136,842028850,533630000000,29240000
003550,LG,95600,200,0.21,94100,95900,94100,148706,14169458200,15037974930800,157300993
034220,LG디스플레이,18200,500,2.82,18350,18950,18050,5047635,93178285950,6512245740000,357815700
051900,LG생활건강,1372000,18000,1.33,1355000,1375000,1347000,31209,42526229940,21428166284000,15618197
051905,LG생활건강우,670000,7000,1.06,666000,671000,657000,3701,2459641000,1406796990000,2099697
003555,LG우,67900,300,0.44,68100,68200,67600,4936,334703200,205167998000,3021620
032640,LG유플러스,14650,150,1.03,14600,14800,14550,970943,14235212150,6396356438650,436611361
011070,LG이노텍,202000,8000,4.12,202000,205500,200000,286795,58083632000,4780755614000,23667107
066570,LG전자,126500,3000,2.43,125000,127000,125000,743492,93768834000,20701448471000,163647814
066575,LG전자우,65200,900,1.4,65500,65500,64300,35253,2286413700,1120526678400,17185992
037560,LG헬로비전,7180,200,2.87,7100,7250,7030,879132,6289882070,556068490700,77446865
051910,LG화학,836000,-12000,-1.42,835000,848000,831000,206286,173152458000,59015198748000,70592343
051915,LG화학우,399500,4000,1.01,395500,400500,391500,36081,14380296124,3071675600000,7688800
079550,LIG넥스원,48600,450,0.93,48150,48850,48000,95604,4628370050,1069200000000,22000000
006260,LS,65300,400,0.62,65000,65600,64300,88412,5744027300,2102660000000,32200000
010120,LS ELECTRIC,64900,500,0.78,64800,65600,64200,69061,4473800400,1947000000000,30000000
000680,LS네트웍스,3410,30,0.89,3395,3450,3365,78012,265021090,268718284560,78803016
229640,LS전선아시아,8630,100,1.17,8540,8700,8520,149109,1287164450,264292705770,30624879
001120,LX인터내셔널,30200,-200,-0.66,30700,31200,30150,738734,22530099600,1170552000000,38760000
108670,LX하우시스,75400,900,1.21,74700,76200,74700,46594,3519609100,676162318000,8967670
108675,LX하우시스우,35450,250,0.71,35500,35500,34950,4068,142884550,36596098500,1032330
383800,LX홀딩스,8950,30,0.34,8930,9060,8900,241522,2164848150,682712175500,76280690
38380K,LX홀딩스1우,14000,150,1.08,14100,14200,14000,2654,37358150,20513990000,1465285
023150,MH에탄올,14100,350,2.55,13750,14200,13550,424987,5910204600,104037216600,7378526
035420,NAVER,393500,-1500,-0.38,400000,400000,392000,444506,175660277320,64637645932500,164263395
181710,NHN,72300,1600,2.26,72300,72800,71700,78162,5650415100,1414551307500,19565025
005940,NH투자증권,13000,50,0.39,12950,13100,12900,438046,5691650550,3658315531000,281408887
005945,NH투자증권우,12100,100,0.83,12050,12100,12000,54147,653171050,228338712800,18870968
338100,NH프라임리츠,4860,10,0.21,4850,4865,4830,30042,145938050,90687600000,18660000
034310,NICE,17950,200,1.13,17750,17950,17700,32360,575995950,679987285000,37882300
008260,NI스틸,4290,-15,-0.35,4330,4350,4215,110953,474946715,122694501930,28600117
004250,NPC,6750,90,1.35,6670,6800,6500,418993,2802186190,247860000000,36720000
004255,NPC우,3285,25,0.77,3280,3285,3260,5614,18383875,17344800000,5280000
010060,OCI,143500,-2500,-1.71,146000,147000,140500,407072,58191486500,3422384738500,23849371
178920,PI첨단소재,54500,0,0,54900,55500,54300,77695,4266164300,1600464549000,29366322
005490,POSCO,328000,500,0.15,330000,331500,327500,281368,92635856400,28597281880000,87186835
010950,S-Oil,108000,-500,-0.46,108500,110000,105000,379776,40639107500,12158941536000,112582792
010955,S-Oil우,63600,-200,-0.31,64500,64600,62900,11525,731109800,255794557200,4021927
034120,SBS,56200,-1100,-1.92,57300,58300,56200,82495,4708519300,1025795108400,18252582
101060,SBS미디어홀딩스,2095,20,0.96,2075,2095,2060,253810,527895875,293082518050,139896190
005090,SGC에너지,49950,150,0.3,49850,50400,49400,32993,1641841650,733116349800,14677004
001380,SG글로벌,2285,5,0.22,2280,2295,2240,255053,576669685,102743066755,44964143
004060,SG세계물산,695,12,1.76,683,696,672,798951,549571582,140685347200,202424960
001770,SHD,28450,2000,7.56,26700,28700,26600,19752,553886150,34563279100,1214878
002360,SH에너지화학,1145,0,0,1155,1165,1145,4155753,4789329375,127248120850,111133730
009160,SIMPAC,8860,-190,-2.1,9090,9240,8750,610502,5469950140,579705511760,65429516
123700,SJM,4765,55,1.17,4730,4790,4690,32136,151971180,74357338970,15604898
025530,SJM홀딩스,3700,80,2.21,3655,3700,3625,8120,29660540,55255829600,14934008
034730,SK,263000,-2500,-0.94,264500,266500,262500,97544,25718274500,18504758111000,70360297
011790,SKC,158500,1500,0.96,159000,162000,157500,264960,42229411000,6002125233000,37868298
018670,SK가스,147500,-500,-0.34,149500,152000,146000,27537,4079295000,1361460990000,9230244
001740,SK네트웍스,5200,0,0,5200,5280,5180,504262,2631376240,1290575764400,248187647
001745,SK네트웍스우,86600,-100,-0.12,86700,86800,86600,228,19770700,9841916800,113648
006120,SK디스커버리,49850,1250,2.57,48600,50200,48600,114148,5649767800,949037071750,19037855
006125,SK디스커버리우,41200,0,0,41250,41650,40850,10523,433349300,55968346000,1358455
210980,SK디앤디,33250,200,0.61,33150,33650,32750,48554,1616846750,737822953000,22190164
068400,SK렌터카,12100,150,1.26,12050,12100,11850,97226,1165593150,572158664000,47285840
395400,SK리츠,6280,100,1.62,6190,6290,6150,612147,3811176430,973528940960,155020532
302440,SK바이오사이언스,237500,-2000,-0.84,241000,243000,234000,324338,76987239000,18168750000000,76500000
326030,SK바이오팜,102000,-500,-0.49,102500,103000,101000,102576,10419803500,7987951500000,78313250
361610,SK아이이테크놀로지,193500,-7000,-3.49,201500,202000,192000,457718,89361185500,13796084052000,71297592
03473K,SK우,229500,-1500,-0.65,232000,232000,228500,1464,336245000,129927982500,566135
096770,SK이노베이션,258500,-5000,-1.9,263500,265500,257500,350013,91319736000,23902348294000,92465564
096775,SK이노베이션우,157500,-2000,-1.25,159000,161000,156500,5996,948840000,196627095000,1248426
001510,SK증권,925,10,1.09,919,932,909,4153596,3831577171,437145908175,472590171
001515,SK증권우,3845,5,0.13,3850,3875,3830,9578,36924085,15043616330,3912514
285130,SK케미칼,320500,6500,2.07,317500,327000,312500,242096,77450568500,3766322418000,11751396
28513K,SK케미칼우,186500,500,0.27,189000,191500,183000,73200,13670163000,272041955000,1458670
017670,SK텔레콤,300000,-2500,-0.83,301500,304000,299500,359715,108052630000,21618042900000,72060143
000660,SK하이닉스,98400,4600,4.9,96000,98500,95700,4229748,410989595150,71635432716000,728002365
064960,SNT모티브,52100,100,0.19,52700,52800,51700,75709,3940581300,761865385600,14623136
100840,SNT에너지,23350,1100,4.94,22250,23750,22250,205852,4772741800,175281701850,7506711
003570,SNT중공업,8950,-40,-0.44,8990,9070,8860,63357,564749080,297611638150,33252697
036530,SNT홀딩스,17800,-100,-0.56,18100,18150,17600,19763,349532300,290209170800,16303886
005610,SPC삼립,77000,-100,-0.13,77100,78500,76600,11362,874668000,664433693000,8629009
011810,STX,4290,90,2.14,4275,4345,4220,80001,342219020,122786037660,28621454
077970,STX엔진,10150,150,1.5,10150,10450,10100,21304,218134500,233540375600,23008904
071970,STX중공업,5090,30,0.59,5060,5200,4975,100987,510460190,144382817840,28365976
002820,SUN&L,5440,40,0.74,5450,5480,5370,11300,61166950,68587460160,12607989
084870,TBH글로벌,2945,125,4.43,2880,2950,2785,174471,506262270,61423331955,20856819
002710,TCC스틸,8700,-270,-3.01,9000,9070,8620,660466,5837372900,204450000000,23500000
002900,TYM,2160,60,2.86,2115,2190,2085,3003768,6460712475,322635746160,149368401
024070,WISCOM,4130,110,2.74,4080,4195,4000,61953,253942620,63298188940,15326438
037270,YG PLUS,7250,0,0,7250,7480,7190,1624064,11896210630,459863222500,63429410
000500,가온전선,28850,550,1.94,28900,28900,28300,15195,435244400,120026010950,4160347
000860,강남제비스코,26600,700,2.7,25850,26750,25500,27782,729632800,172900000000,6500000
035250,강원랜드,29350,600,2.09,29150,29400,28800,1000350,29183914900,6279153675000,213940500
011420,갤럭시아에스엠,2270,120,5.58,2155,2290,2125,497652,1109115345,62537691880,27549644
002100,경농,13700,200,1.48,13650,13850,13350,143409,1947290300,267459277500,19522575
009450,경동나비엔,65400,4000,6.51,62100,65500,61600,93840,6041545600,889749342000,13604730
267290,경동도시가스,24900,-100,-0.4,25150,25300,24550,32503,807518800,146795609400,5895406
012320,경동인베스트,37650,400,1.07,37250,37700,37050,1991,74341200,89043115950,2365023
000050,경방,13400,-100,-0.74,13600,13700,13300,39484,530316850,367364618000,27415270
214390,경보제약,10550,200,1.93,10350,10550,10300,53773,562055700,252217373000,23906860
012610,경인양행,7060,300,4.44,6820,7110,6760,539599,3796213560,293317336900,41546365
009140,경인전자,28000,750,2.75,27250,28450,27250,10390,291091450,43982316000,1570797
013580,계룡건설,38450,200,0.52,38400,38850,38050,41457,1595472450,343393374150,8930907
012200,계양전기,4525,85,1.91,4485,4540,4440,145901,655702305,147515000000,32600000
012205,계양전기우,7470,100,1.36,7500,7500,7370,1442,10655240,10458000000,1400000
002140,고려산업,3460,270,8.46,3230,3810,3230,4092958,14682935975,86290410500,24939425
010130,고려아연,590000,16000,2.79,582000,593000,570000,88801,51801507000,11133300000000,18870000
002240,고려제강,28850,-500,-1.7,29550,29600,28300,55017,1590085000,663550000000,23000000
009290,광동제약,7960,-20,-0.25,7980,8020,7880,65107,518082560,417269973960,52420851
017040,광명전기,3290,120,3.79,3200,3495,3170,7538750,25185253470,142580753350,43337615
017900,광전자,3105,-105,-3.27,3210,3370,3050,1836255,5932210670,179915384115,57943763
037710,광주신세계,197000,4500,2.34,193000,199500,192000,4508,886904000,315200000000,1600000
030610,교보증권,8500,20,0.24,8500,8510,8430,96610,818785420,549553016000,64653296
339770,교촌에프앤비,18450,50,0.27,18450,18550,18200,51664,949623250,460927863000,24982540
007690,국도화학,74900,400,0.54,75000,77500,73900,88780,6713661000,674895138400,9010616
005320,국동,3460,-60,-1.7,3505,3530,3390,922970,3178328685,187095894680,54073958
001140,국보,1625,55,3.5,1560,1730,1540,8019545,13203489345,99231504125,61065541
002720,국제약품,6410,-50,-0.77,6510,6530,6370,219278,1408296840,123559736900,19276090
083420,그린케미칼,10050,200,2.03,9970,10150,9860,96181,961888000,241200000000,24000000
014530,극동유화,4610,40,0.88,4595,4690,4575,564256,2608813240,160748026200,34869420
014280,금강공업,8170,120,1.49,8050,8230,7920,76588,621440510,239620846690,29329357
014285,금강공업우,12700,-50,-0.39,12750,12950,12600,5469,69690250,7491412500,589875
008870,금비,66200,1400,2.16,65000,66900,64800,1321,87467500,66200000000,1000000
001570,금양,5060,60,1.2,5020,5130,4960,292078,1470016025,246041720760,48624846
002990,금호건설,12150,150,1.25,12100,12150,11950,100767,1216409350,445102176600,36633924
002995,금호건설우,32150,550,1.74,31650,32150,31650,209,6670100,9396351900,292266
011780,금호석유,180000,500,0.28,181000,184500,179500,194679,35303496500,5484184380000,30467691
011785,금호석유우,115500,0,0,116000,117000,115000,24099,2785667000,349212633000,3023486
214330,금호에이치티,2120,95,4.69,2040,2120,2030,1281835,2673411575,291734467760,137610598
001210,금호전기,3495,25,0.72,3490,3500,3390,94385,324182540,60262268385,17242423
073240,금호타이어,5690,-30,-0.52,5560,5790,5560,471646,2687165600,1634511033030,287260287
092440,기신정기,4270,40,0.95,4230,4275,4205,45998,195179175,124684000000,29200000
000270,기아,83800,-300,-0.36,84200,84800,83200,862972,72368396500,33969448478600,405363347
024110,기업은행,10800,150,1.41,10650,10850,10650,1683608,18144899500,8038446339600,744300587
013700,까뮤이앤씨,2890,40,1.4,2870,2895,2830,1232276,3526893065,130490089200,45152280
004540,깨끗한나라,4695,30,0.64,4760,4760,4625,83373,389593250,174845053635,37240693
004545,깨끗한나라우,22650,0,0,22600,23300,22600,296,6765500,8293524000,366160
001260,남광토건,15800,200,1.28,15650,15850,15300,67855,1058600050,155296635800,9828901
008350,남선알미늄,3105,40,1.31,3130,3185,3080,3044944,9501366910,342106074450,110179090
008355,남선알미우,26050,150,0.58,26350,26350,26000,3264,85011050,8020534500,307890
004270,남성,3550,-5,-0.14,3560,3575,3470,1049335,3705857640,128553168000,36212160
003920,남양유업,426000,22000,5.45,409000,430000,405500,6160,2579717500,306720000000,720000
003925,남양유업우,193000,500,0.26,199500,200500,192500,646,127162000,32165766000,166662
025860,남해화학,11900,250,2.15,11700,12000,11450,989472,11635696250,591178231700,49678843
005720,넥센,5030,0,0,5040,5050,4990,43386,218159975,269326204310,53543977
005725,넥센우,3705,-10,-0.27,3730,3730,3690,165,611300,13340223000,3600600
002350,넥센타이어,7870,-80,-1.01,7960,8050,7850,230142,1819545880,768646191990,97667877
002355,넥센타이어1우B,3430,5,0.15,3440,3440,3420,3448,11809865,22295000000,6500000
003580,넥스트사이언스,26350,700,2.73,26800,27300,24600,1622362,42054094500,1104482304950,41915837
251270,넷마블,121500,-1000,-0.82,121000,123000,121000,132493,16159093000,10443350493000,85953502
090350,노루페인트,10050,140,1.41,10000,10100,9940,52025,522044620,201000000000,20000000
090355,노루페인트우,19800,0,0,20150,20150,19800,3161,63032100,9169894800,463126
000320,노루홀딩스,12300,-50,-0.4,12400,12450,12200,5775,71043200,163481157300,13291151
000325,노루홀딩스우,43900,750,1.74,44600,44600,43250,4146,181924300,8132475000,185250
006280,녹십자,275000,-500,-0.18,277000,280000,271000,84791,23365190500,3213797950000,11686538
005250,녹십자홀딩스,30550,500,1.66,30100,32800,29800,499262,15707758200,1436711815500,47028210
005257,녹십자홀딩스2우,71100,1800,2.6,69500,75300,69500,2809,206714400,60149889000,845990
004370,농심,292000,0,0,291000,294500,290500,11005,3215920500,1776131464000,6082642
072710,농심홀딩스,78000,500,0.65,77800,79100,76700,5474,427186300,361747620000,4637790
058730,다스코,5400,110,2.08,5290,5450,5220,61554,328282210,91133429400,16876561
023590,다우기술,24050,750,3.22,23600,24200,23600,118078,2820443750,1079042138850,44866617
145210,다이나믹디자인,490,3,0.62,489,496,479,329624,160370079,77561730540,158289246
019680,대교,4420,100,2.31,4350,4420,4290,150214,656392735,374386597000,84702850
019685,대교우B,3520,50,1.44,3545,3545,3460,63401,221911370,68383004800,19426990
006370,대구백화점,11500,650,5.99,11050,11550,10900,56935,646422250,124448526500,10821611
008060,대덕,7130,0,0,7160,7220,7060,146689,1046094580,241636769500,33890150
00806K,대덕1우,10600,100,0.95,10500,10900,10400,14019,148354950,12850984200,1212357
353200,대덕전자,16700,100,0.6,16850,17150,16600,589157,9920401050,825262647500,49416925
35320K,대덕전자1우,13450,100,0.75,13350,13750,13250,4622,62225100,28184730550,2095519
000490,대동,10050,150,1.52,10050,10100,9900,228520,2287083210,238468510500,23728210
008110,대동전자,6970,90,1.31,7090,7090,6940,7914,55793410,73118415590,10490447
005750,대림B&Co,7510,680,9.96,6900,8100,6790,321482,2429753890,125208522400,16672240
006570,대림통상,3895,105,2.77,3795,3895,3745,18846,71559910,59301375000,15225000
001680,대상,23900,400,1.7,23650,23950,23550,118040,2803528750,828087797500,34648025
001685,대상우,18350,250,1.38,18400,18400,18100,1307,23884100,25143592050,1370223
084690,대상홀딩스,10200,0,0,10200,10200,10100,23901,242639700,369367887600,36212538
084695,대상홀딩스우,12100,-200,-1.63,12450,12450,11950,3115,37676000,11053132200,913482
128820,대성산업,5800,150,2.65,5650,5900,5540,2079094,11991582800,262365772400,45235478
117580,대성에너지,12850,850,7.08,12100,13500,11800,7283744,93310321650,353375000000,27500000
016710,대성홀딩스,42350,100,0.24,42200,42900,42150,14902,635745550,681388588650,16089459
003540,대신증권,19900,-50,-0.25,20000,20050,19800,98479,1961344950,1010390660000,50773400
003547,대신증권2우B,17550,150,0.86,17550,17600,17350,31708,553974200,175500000000,10000000
003545,대신증권우,18300,100,0.55,18300,18350,18100,82071,1497216100,475800000000,26000000
009190,대양금속,5300,120,2.32,5280,5330,5130,423678,2219366330,164777519400,31090098
014160,대영포장,2355,55,2.39,2340,2380,2285,1167869,2733036955,255269162895,108394549
047040,대우건설,6690,60,0.9,6640,6730,6630,993736,6630132740,2780515448220,415622638
009320,대우부품,3330,765,29.82,2520,3330,2505,49182509,156638343885,158662428750,47646375
042660,대우조선해양,24300,400,1.67,24250,25050,24000,461151,11255349700,2607163256700,107290669
003090,대웅,32850,50,0.15,32850,33700,32500,100457,3314662200,1909964043000,58141980
069620,대웅제약,141000,0,0,141500,144500,139000,39889,5635262000,1633707075000,11586575
000430,대원강업,4180,125,3.08,4080,4180,4030,279303,1149192355,259160000000,62000000
006340,대원전선,2035,45,2.26,2000,2070,1975,1392994,2833174800,144519527845,71016967
006345,대원전선우,3430,45,1.33,3385,3430,3385,6732,22962055,8990716000,2621200
003220,대원제약,18050,-700,-3.73,18900,18900,18000,395239,7265145700,383108055150,21224823
024890,대원화성,6170,-180,-2.83,6340,6970,5960,26125562,169606767860,254507267840,41249152
002880,대유에이텍,1780,-25,-1.39,1805,1890,1775,11653509,21218855190,199113607060,111861577
000300,대유플러스,1375,-5,-0.36,1395,1395,1350,1216734,1662208340,166373314250,120998774
012800,대창,2120,20,0.95,2165,2175,2095,1789366,3818644030,193217857880,91140499
015230,대창단조,7620,-40,-0.52,7670,7710,7570,36674,278965080,108860196300,14286115
001070,대한방직,48350,-250,-0.51,49850,49850,47900,7671,370747300,256255000000,5300000
006650,대한유화,210500,3500,1.69,209500,213500,208000,47477,10003493500,1368250000000,6500000
001440,대한전선,2390,65,2.8,2350,2435,2330,12085856,28928934125,2046970491510,856473009
084010,대한제강,20800,250,1.22,20800,20850,20350,81398,1678593850,512652067200,24646734
001790,대한제당,3315,105,3.27,3245,3360,3225,980272,3239385625,297344162700,89696580
001795,대한제당우,3520,90,2.62,3460,3540,3385,73288,255792720,22819315200,6482760
001130,대한제분,162500,3500,2.2,159000,164500,159000,5125,827319000,274625000000,1690000
003490,대한항공,31150,350,1.14,31150,31500,31000,2442381,76274246600,10834618698750,347820825
003495,대한항공우,40400,500,1.25,40000,40500,39950,4310,173386950,44876077600,1110794
005880,대한해운,2960,25,0.85,2955,3070,2930,8774016,26302247300,944765281600,319177460
003830,대한화섬,140500,0,0,144500,144500,140500,1112,158520500,186584000000,1328000
016090,대현,3065,35,1.16,3055,3105,2960,1377336,4198877160,135725280150,44282310
069460,대호에이엘,3895,20,0.52,3890,3980,3850,179737,702969080,190845246920,48997496
192080,더블유게임즈,65200,700,1.09,64200,66200,63400,226949,14797675100,1198017530400,18374502
012510,더존비즈온,94700,600,0.64,94900,95200,93700,54387,5129614800,2877249644800,30382784
004830,덕성,16750,150,0.9,16500,17250,16350,1106214,18542461000,262640000000,15680000
004835,덕성우,23000,550,2.45,22450,23350,22000,119136,2698792700,32016000000,1392000
024900,덕양산업,3085,-70,-2.22,3150,3165,3070,325270,1007122105,100462963300,32564980
145720,덴티움,72500,1100,1.54,72900,73300,71300,53913,3900602500,802490175000,11068830
002150,도화엔지니어링,8120,20,0.25,8110,8150,8050,21910,177763180,273806400000,33720000
001230,동국제강,18500,0,0,18700,18850,18350,504412,9362571900,1765505634500,95432737
023450,동남합성,65000,-400,-0.61,65400,65500,65000,2250,147201000,234650000000,3610000
004140,동방,4780,730,18.02,4060,5260,4000,21969305,107035746930,191065041480,39971766
007590,동방아그로,7430,70,0.95,7380,7430,7360,8745,64604550,101178597110,13617577
005960,동부건설,15150,350,2.36,14900,15200,14750,128195,1925628550,344385694350,22731729
005965,동부건설우,38500,500,1.32,37800,38650,37800,4610,176871650,8690682000,225732
026960,동서,29400,100,0.34,29050,29500,29050,66060,1933846350,2931180000000,99700000
002210,동성제약,9500,120,1.28,9450,9500,9290,66886,628704760,247959215000,26100970
102260,동성케미컬,5820,20,0.34,5810,5850,5780,61362,356828090,289194216960,49689728
000640,동아쏘시오홀딩스,113500,1500,1.34,112000,113500,110000,10959,1227154500,720441931000,6347506
170900,동아에스티,74900,-1100,-1.45,74400,75500,74400,20451,1532322100,632466610300,8444147
028100,동아지질,19400,350,1.84,19050,19550,19000,48607,937858800,223100000000,11500000
282690,동아타이어,13100,150,1.16,12950,13150,12750,38812,504738400,179902496500,13733015
001520,동양,1620,20,1.25,1610,1650,1570,1277103,2061247650,386668182060,238684063
001527,동양2우B,14350,50,0.35,14300,14400,14200,878,12565800,4427965150,308569
001529,동양3우B,35650,-200,-0.56,35850,36450,35300,796,28355950,3198589300,89722
084670,동양고속,21350,250,1.18,21200,21400,21150,1172,24918000,61820398150,2895569
082640,동양생명,7330,110,1.52,7170,7400,7170,427236,3116140310,1182758428050,161358585
001525,동양우,7740,-50,-0.64,7780,7780,7730,2608,20176180,4781237940,617731
008970,동양철관,1470,25,1.73,1445,1480,1425,1259395,1831368440,174761376300,118885290
092780,동양피스톤,9420,-220,-2.28,9640,9780,9320,996358,9499214680,124046893200,13168460
049770,동원F&B,210000,-4000,-1.87,214000,215000,208500,6415,1351111500,810416040000,3859124
018500,동원금속,1020,5,0.49,1030,1030,1010,135983,138170785,47690031660,46754933
006040,동원산업,229500,-2000,-0.86,229500,235000,223500,2208,508032500,844018609500,3677641
030720,동원수산,9500,20,0.21,9490,9650,9480,48763,466366150,44211147500,4653805
014820,동원시스템즈,62100,-200,-0.32,62800,63600,60300,82606,5118789400,1590909533100,25618511
014825,동원시스템즈우,36650,150,0.41,36750,36750,36400,142,5196450,9725370700,265358
163560,동일고무벨트,8420,290,3.57,8150,8440,8090,19005,157710780,117038000000,13900000
004890,동일산업,142000,500,0.35,143000,143000,138500,3002,421069500,344380530000,2425215
002690,동일제강,3575,50,1.42,3530,3580,3525,88300,312552725,53625000000,15000000
000020,동화약품,18150,-850,-4.47,19200,19300,18150,1768919,32912401950,506956180500,27931470
000150,두산,99200,1000,1.02,98900,101000,98200,66619,6638888500,1639164432000,16523835
000157,두산2우B,120500,1000,0.84,120500,132500,119000,17741,2243600000,107611079000,893038
241560,두산밥캣,39550,600,1.54,38900,40000,38900,172213,6807714200,3964854515300,100249166
000155,두산우,70200,700,1.01,69800,71500,69800,8391,590869700,280551632400,3996462
034020,두산중공업,23450,1000,4.45,22650,24150,22500,25864817,606076602600,12163606431550,518703899
336260,두산퓨얼셀,51000,-1300,-2.49,52100,52800,51000,983171,50852283100,3340180026000,65493726
33626K,두산퓨얼셀1우,16150,-200,-1.22,16450,16450,16000,38003,615578300,215831830000,13364200
33626L,두산퓨얼셀2우B,20350,-200,-0.97,20500,20550,20100,6181,125900550,60771205000,2986300
016740,두올,5070,125,2.53,4995,5110,4950,563418,2843061605,167648067600,33066680
192650,드림텍,10150,170,1.7,10150,10300,10050,176642,1796240500,663234200650,65343271
024090,디씨엠,19550,150,0.77,19350,19650,19200,48371,940909350,228735000000,11700000
003160,디아이,7310,60,0.83,7440,7490,7200,152836,1117629480,230241498350,31496785
092200,디아이씨,5430,-70,-1.27,5500,5530,5370,322906,1751308740,211164929670,38888569
377190,디앤디플랫폼리츠,5330,40,0.76,5290,5330,5290,252536,1340275410,343252000000,64400000
013570,디와이,5300,-100,-1.85,5400,5410,5280,104975,559031220,139494054900,26319633
210540,디와이파워,13350,0,0,13450,13500,13250,25749,344499350,147406801800,11041708
007340,디티알오토모티브,51500,1100,2.18,50600,52500,49800,58716,3018411000,514691257500,9994005
026890,디피씨,17400,0,0,17500,17700,16750,3722742,64995717650,725200245000,41678175
115390,락앤락,10900,350,3.32,10600,10950,10550,57117,612673150,577783254200,53007638
032350,롯데관광개발,21350,450,2.15,21100,21400,20750,676882,14315864200,1479035383700,69275662
089860,롯데렌탈,41150,1400,3.52,40250,41450,40250,314295,12842871000,1507491692450,36634063
330590,롯데리츠,5560,-10,-0.18,5550,5580,5490,341595,1890379490,1350906995040,242968884
000400,롯데손해보험,1910,5,0.26,1905,1915,1890,235775,448349280,592742371200,310336320
023530,롯데쇼핑,104500,2000,1.95,103000,104500,102500,73337,7591462000,2956174897500,28288755
004000,롯데정밀화학,89700,0,0,90300,90900,89000,180501,16213453100,2314260000000,25800000
286940,롯데정보통신,36400,1000,2.82,35650,36400,35400,25941,932116750,560426448400,15396331
280360,롯데제과,126000,-1000,-0.79,127500,127500,125500,6976,877677500,808506342000,6416717
004990,롯데지주,33600,700,2.13,33000,33700,33000,123662,4127241900,3524950363200,104909237
00499K,롯데지주우,50800,600,1.2,50800,50800,50800,49,2489200,50171248400,987623
005300,롯데칠성,157000,2000,1.29,155000,159000,154000,33478,5239404500,1456784788000,9278884
005305,롯데칠성우,73800,500,0.68,74900,74900,73600,390,28814000,57217878000,775310
011170,롯데케미칼,244000,2500,1.04,243000,247000,242500,86635,21196043000,8363202236000,34275419
002270,롯데푸드,385000,-8000,-2.04,395000,395500,384000,2825,1090569500,465486175000,1209055
071840,롯데하이마트,28550,700,2.51,28050,28550,27800,108005,3040370100,674000177600,23607712
027740,마니커,459,13,2.91,450,460,448,1591572,722003347,91098920646,198472594
204320,만도,62800,-300,-0.48,62900,63200,61300,461126,28691641200,2948907136000,46957120
001080,만호제강,21100,0,0,21150,21450,20900,6186,130553200,87565000000,4150000
088980,맥쿼리인프라,13000,50,0.39,12950,13000,12900,811111,10509524000,5262992111000,404845547
094800,맵스리얼티1,4900,65,1.34,4835,4905,4825,110276,537707625,454888221900,92834331
138040,메리츠금융지주,32850,0,0,33100,33500,32600,87611,2882758300,4402271007900,134011294
008560,메리츠증권,4905,50,1.03,4855,4935,4845,1016338,4958449275,3343888489995,681730579
000060,메리츠화재,29050,50,0.17,29100,29400,28700,187434,5430462400,3504156250000,120625000
090370,메타랩스,1120,100,9.8,1045,1145,1020,1405016,1547646210,73789311680,65883314
017180,명문제약,5340,340,6.8,5030,5380,5030,577883,3028588030,181311444360,33953454
009900,명신산업,29400,-200,-0.68,30000,30750,29350,902052,26970205400,1542621910200,52470133
012690,모나리자,4030,50,1.26,3975,4035,3940,132153,527700780,147382157650,36571255
005360,모나미,4820,60,1.26,4765,4950,4740,131997,635535980,91085019740,18897307
204210,모두투어리츠,4250,5,0.12,4245,4295,4215,10503,44454915,33263963750,7826815
009680,모토닉,11250,350,3.21,10950,11300,10750,78898,870625150,371250000000,33000000
009580,무림P&P,4675,195,4.35,4480,4695,4450,183836,846266375,291571914700,62368324
009200,무림페이퍼,2780,30,1.09,2755,2800,2730,107392,297133305,115673881800,41609310
033920,무학,10900,200,1.87,10950,11150,10650,146724,1598150750,310650000000,28500000
008420,문배철강,4530,45,1,4530,4595,4460,358158,1617498530,92880877650,20503505
025560,미래산업,13450,150,1.13,13400,13600,13350,12000,161027400,59879494150,4452007
007120,미래아이앤지,530,13,2.51,518,532,516,406123,213558345,68626598440,129484148
357250,미래에셋맵스리츠,5050,10,0.2,5030,5050,5020,46704,234984290,101505000000,20100000
085620,미래에셋생명,4605,-50,-1.07,4620,4640,4550,157253,721290920,815159550345,177016189
006800,미래에셋증권,8700,130,1.52,8660,8750,8630,985054,8563557560,5527252749600,635316408
00680K,미래에셋증권2우B,4830,35,0.73,4820,4865,4790,400859,1937009785,676200000000,140000000
006805,미래에셋증권우,5720,110,1.96,5660,5790,5640,32184,183571480,80513290000,14075750
002840,미원상사,218000,0,0,221500,223000,214500,3256,712305000,1083460000000,4970000
268280,미원에스씨,239000,12500,5.52,228000,239000,226500,9945,2347743500,1218900000000,5100000
107590,미원홀딩스,143000,-5000,-3.38,152000,157500,138500,18308,2692406000,331760000000,2320000
134380,미원화학,81700,200,0.25,81500,81700,81500,1437,117117900,179680195600,2199268
003650,미창석유,78400,0,0,78600,79000,77900,1888,147913100,136390284800,1739672
155900,바다로19호,3040,35,1.16,3005,3045,3005,30979,93967695,46208012160,15200004
003610,방림,2705,-15,-0.55,2700,2735,2640,201096,540238180,114459613450,42314090
001340,백광산업,5900,30,0.51,5950,5950,5800,549893,3232398570,265018601300,44918407
035150,백산,8000,-50,-0.62,8080,8140,7930,201229,1612466630,193600000000,24200000
002410,범양건영,8310,570,7.36,7850,9180,7800,14113122,120809055700,206353770420,24831982
096300,베트남개발1,239,1,0.42,238,239,237,162953,38686193,32905570429,137680211
007210,벽산,3870,65,1.71,3830,3930,3825,545588,2114933600,265327200000,68560000
002760,보락,2140,-5,-0.23,2160,2165,2110,327020,697991645,128186000000,59900000
003850,보령제약,14800,100,0.68,14850,14950,14700,145465,2157058250,1016612000000,68690000
000890,보해양조,1025,0,0,1025,1050,1010,3787703,3880498940,140961155975,137523079
003000,부광약품,13550,-150,-1.09,13800,13800,13300,950040,12822652050,962904313950,71063049
001270,부국증권,24600,300,1.23,24250,24600,24250,2263,55467750,255099195600,10369886
001275,부국증권우,22900,50,0.22,22850,22900,22800,793,18123500,68700000000,3000000
026940,부국철강,5110,80,1.59,5130,5210,4940,1301329,6623413425,102200000000,20000000
015350,부산가스,84400,-200,-0.24,84500,84800,84100,82593,6976974000,928400000000,11000000
011390,부산산업,127000,1500,1.2,126500,128500,124000,4470,563435000,134112000000,1056000
005030,부산주공,669,10,1.52,677,677,650,612451,404682880,38032326873,56849517
002070,비비안,3105,0,0,3110,3150,3070,139192,431756405,92510338950,29793990
100220,비상교육,8490,40,0.47,8520,8540,8370,23329,197169920,110342331090,12996741
030790,비케이탑스,4100,300,7.89,3820,4255,3800,376849,1521444185,61897946000,15097060
005180,빙그레,56900,500,0.89,56500,57400,56500,28302,1612652100,560535612900,9851241
003960,사조대림,28400,1100,4.03,27950,28600,27400,35907,1009178850,260270862800,9164467
008040,사조동아원,1315,5,0.38,1300,1325,1290,1167078,1526926185,185605149000,141144600
007160,사조산업,50200,0,0,51000,51000,49950,8370,420115050,251000000000,5000000
014710,사조씨푸드,5370,160,3.07,5230,5750,5160,591855,3226555580,92463575910,17218543
006090,사조오양,10100,100,1,10050,10250,9990,32468,328345320,95169663900,9422739
001470,삼부토건,2155,25,1.17,2160,2165,2095,2979191,6356591660,296433759695,137556269
006400,삼성SDI,712000,20000,2.89,703000,715000,698000,244985,173208916000,48960345360000,68764530
006405,삼성SDI우,388500,10500,2.78,387000,389500,381000,6378,2466090000,628552596000,1617896
006660,삼성공조,16900,-200,-1.17,17150,17300,16700,47438,802030900,137334706600,8126314
028260,삼성물산,122500,3000,2.51,120500,123000,120500,324243,39572092000,22893667422500,186887081
02826K,삼성물산우B,111500,3000,2.76,109500,112000,109500,2472,274211000,181457887500,1627425
207940,삼성바이오로직스,869000,10000,1.16,864000,871000,855000,63084,54592251000,57497385000000,66165000
032830,삼성생명,70600,500,0.71,70600,71800,70200,241427,17089885900,14120000000000,200000000
018260,삼성에스디에스,157500,1500,0.96,156500,158500,156000,82161,12920157000,12187003500000,77377800
028050,삼성엔지니어링,25850,450,1.77,25600,26100,25300,2203440,56737920150,5066600000000,196000000
009150,삼성전기,162500,3500,2.2,162000,166000,161500,582983,95250321500,12137725600000,74693696
009155,삼성전기우,91100,2100,2.36,90000,91500,90000,6322,574675400,264826242400,2906984
005930,삼성전자,70100,700,1.01,70200,71000,70000,18051612,1270264426455,418481756755000,5969782550
005935,삼성전자우,64500,400,0.62,64700,65200,64400,1778226,114949110500,53076192150000,822886700
001360,삼성제약,6160,80,1.32,6110,6180,6040,345517,2112241950,413718406640,67162079
010140,삼성중공업,6160,100,1.65,6100,6250,6070,8036613,49340367540,3880800000000,630000000
010145,삼성중공우,270000,18500,7.36,260000,270000,258000,1537,408634000,31008150000,114845
016360,삼성증권,47450,350,0.74,47350,47500,47000,200205,9471237050,4237285000000,89300000
068290,삼성출판사,34600,350,1.02,34500,35450,34300,47599,1653662800,346000000000,10000000
029780,삼성카드,34700,350,1.02,34350,34700,34350,89050,3075071800,4020303517700,115858891
000810,삼성화재,242000,2000,0.83,239500,244000,239000,71648,17324188500,11464710554000,47374837
000815,삼성화재우,181000,1500,0.84,179500,181000,179000,6229,1124396000,577752000000,3192000
006110,삼아알미늄,32150,-300,-0.92,33550,34100,31850,671697,22031233200,353650000000,11000000
145990,삼양사,76400,5400,7.61,71000,77200,70300,167554,12559898600,787947503600,10313449
145995,삼양사우,45800,1200,2.69,44600,45800,44600,1035,47086800,16949206000,370070
003230,삼양식품,82900,800,0.97,82200,83200,81300,23315,1918282200,624486943500,7533015
002170,삼양통상,63800,-400,-0.62,64500,64600,63500,6226,397233400,191400000000,3000000
272550,삼양패키징,29650,250,0.85,29550,29650,29000,8589,251812650,421320688600,14209804
000070,삼양홀딩스,111000,1500,1.37,110000,112500,108500,24471,2703729500,950634081000,8564271
000075,삼양홀딩스우,69900,-100,-0.14,70900,70900,69900,670,46925700,21253654200,304058
002810,삼영무역,15500,50,0.32,15450,15550,15350,6403,98913200,286237694000,18466948
005680,삼영전자,11900,100,0.85,11950,12050,11700,70837,840016250,238000000000,20000000
003720,삼영화학,3030,20,0.66,3050,3050,2975,198420,594859370,103020000000,34000000
023000,삼원강재,3265,5,0.15,3290,3290,3240,40002,130677370,130600000000,40000000
004380,삼익THK,12050,150,1.26,12050,12050,11800,23554,281292000,253050000000,21000000
002450,삼익악기,1810,10,0.56,1805,1815,1790,158453,285705265,163860956150,90530915
004440,삼일씨엔에스,11450,200,1.78,11300,11500,11200,20836,235874950,145780793150,12731947
000520,삼일제약,8700,20,0.23,8640,8760,8570,39605,342480020,117774362100,13537283
009770,삼정펄프,30350,50,0.17,30350,30350,30100,990,29944600,75874119850,2499971
005500,삼진제약,26400,-100,-0.38,26350,26600,26150,32994,868385950,366960000000,13900000
004690,삼천리,99800,3100,3.21,97000,101000,96000,21382,2116321500,404691495000,4055025
010960,삼호개발,5360,120,2.29,5280,5370,5240,44542,236297930,134000000000,25000000
004450,삼화왕관,43400,400,0.93,43100,43650,42900,839,36119850,93500048600,2154379
009470,삼화전기,28850,1750,6.46,27050,29300,27050,128834,3683562000,190808707000,6613820
011230,삼화전자,3870,85,2.25,3820,3980,3795,39146,150811005,40472227800,10457940
001820,삼화콘덴서,57700,1400,2.49,57100,58300,56700,73501,4231037100,599791500000,10395000
000390,삼화페인트,9730,140,1.46,9580,9800,9500,43201,416260980,264689753370,27203469
001290,상상인증권,1190,-5,-0.42,1200,1210,1185,135181,161785355,115512269460,97069134
041650,상신브레이크,4350,80,1.87,4270,4355,4260,122057,526398215,93400807500,21471450
075180,새론오토모티브,5740,0,0,5750,5790,5680,2451,14046290,110208000000,19200000
007540,샘표,44900,100,0.22,44950,45100,44550,2441,109450850,129123420000,2875800
248170,샘표식품,47200,100,0.21,47600,47600,46850,5128,242035250,215623099200,4568286
007860,서연,12800,200,1.59,12550,13050,12400,425543,5422112900,300542003200,23479844
200880,서연이화,7890,70,0.9,7840,7930,7640,270543,2107574490,213254367930,27028437
017390,서울가스,173000,0,0,174000,174000,172000,3128,541882500,865000000000,5000000
004410,서울식품,333,6,1.83,328,340,326,6760324,2256058671,123181341687,369913939
004415,서울식품우,4745,-25,-0.52,4930,4930,4740,2027,9621290,10555252500,2224500
021050,서원,2230,45,2.06,2220,2250,2165,594468,1314728300,105868335700,47474590
008490,서흥,48300,200,0.42,48300,48550,47800,34989,1686654150,558788157900,11569113
007610,선도전기,5310,270,5.36,5050,5420,4950,6693780,35147440175,95580000000,18000000
136490,선진,13500,200,1.5,13450,13600,13300,74776,1003740950,321024654000,23779604
014910,성문전자,2875,260,9.94,2640,2875,2615,1052352,2905143075,56024713875,19486857
014915,성문전자우,9680,190,2,9510,9680,9510,1320,12700120,5808000000,600000
003080,성보화학,4255,25,0.59,4230,4275,4200,76231,323082995,85185100000,20020000
004980,성신양회,10750,350,3.37,10450,10850,10450,205355,2172880700,263547784750,24516073
004985,성신양회우,15300,200,1.32,15250,15400,14950,5924,90104150,11255368500,735645
011300,성안,787,0,0,0,0,0,0,0,44747135820,56857860
000180,성창기업지주,2635,35,1.35,2630,2670,2600,261041,686233400,183795466000,69751600
002420,세기상사,6160,0,0,0,0,0,0,0,25107667200,4075920
004360,세방,12650,100,0.8,12650,12850,12550,70288,892382600,244254928500,19308690
004365,세방우,7200,20,0.28,7140,7270,7140,3198,23166210,26562600000,3689250
004490,세방전지,86600,-300,-0.35,87000,87600,84500,85541,7341578400,1212400000000,14000000
001430,세아베스틸,25250,-300,-1.17,25700,26250,25200,80831,2050736650,905518504750,35862119
306200,세아제강,112000,-500,-0.44,113500,114000,109000,11489,1277321000,317665600000,2836300
003030,세아제강지주,140000,4000,2.94,136000,142500,135000,17123,2382832500,579831980000,4141657
019440,세아특수강,16500,-50,-0.3,17000,17000,16200,27032,442389500,141405000000,8570000
058650,세아홀딩스,116000,0,0,116000,118000,113500,4573,524736000,464000000000,4000000
013000,세우글로벌,3580,565,18.74,3130,3770,3100,11621602,40995451295,102764010980,28705031
091090,세원이앤씨,968,51,5.56,924,975,903,4236027,4032910075,140853768088,145510091
021820,세원정공,8090,0,0,0,0,0,0,0,80900000000,10000000
067830,세이브존I&C,3195,-135,-4.05,3395,3395,3185,151014,488619180,131125659525,41040895
033530,세종공업,11600,-200,-1.69,11900,12050,11550,544950,6378514200,322723147600,27820961
075580,세진중공업,6080,20,0.33,6150,6210,6050,158740,969695600,345644692480,56849456
027970,세하,1775,-5,-0.28,1780,1785,1755,265733,469475680,102174319675,57562997
308170,센트랄모텍,28400,-1800,-5.96,30000,30200,28300,765824,22404880750,244524000000,8610000
012600,센트럴인사이트,2490,0,0,0,0,0,0,0,33838831080,13589892
068270,셀트리온,220000,-2000,-0.9,224000,225000,219000,427388,94299791500,30345637520000,137934716
336370,솔루스첨단소재,81900,-500,-0.61,82000,83800,80500,436775,35747278800,2505301180200,30589758
33637K,솔루스첨단소재1우,21700,-100,-0.46,21800,22000,21450,26695,578436950,159850880000,7366400
33637L,솔루스첨단소재2우B,30300,-450,-1.46,31050,31050,30150,4872,147994200,49875315000,1646050
248070,솔루엠,29750,150,0.51,29800,30100,29600,410519,12241312050,1487665142250,50005551
004430,송원산업,18250,100,0.55,18300,18500,18000,152298,2769765000,438000000000,24000000
017550,수산중공업,2825,60,2.17,2770,2865,2745,455741,1280165200,152508085475,53985163
053210,스카이라이프,10250,480,4.91,9890,10250,9820,185114,1859681300,490175151500,47821966
134790,시디즈,68500,600,0.88,68600,69200,67800,837,57073100,137000000000,2000000
016590,신대양제지,87500,-1600,-1.8,89900,90700,87500,14656,1291650400,352605925000,4029782
029530,신도리코,32800,50,0.15,32800,32950,32350,11397,372272200,330624951200,10080029
004970,신라교역,13200,0,0,13300,13650,13000,57662,767297900,211200000000,16000000
011930,신성이엔지,2305,55,2.44,2260,2340,2210,2004812,4572052665,470269559805,204021501
005390,신성통상,3625,210,6.15,3415,3670,3375,2090687,7335557580,520942913750,143708390
004170,신세계,266000,10500,4.11,256500,266000,256500,118086,31045110500,2618818146000,9845181
035510,신세계 I&C,223000,-1000,-0.45,226000,226500,219000,6200,1377188000,383560000000,1720000
034300,신세계건설,40700,1500,3.83,39250,41400,38750,28824,1164407350,162800000000,4000000
031430,신세계인터내셔날,172500,-500,-0.29,174000,175000,171000,25847,4463940000,1231650000000,7140000
031440,신세계푸드,97000,-1200,-1.22,98500,98700,96800,9178,891992300,375630560000,3872480
006880,신송홀딩스,5220,70,1.36,5150,5250,5130,15681,81113320,61746638760,11828858
005800,신영와코루,122000,3000,2.52,119000,123500,117500,589,70953000,109800000000,900000
001720,신영증권,63300,100,0.16,63200,63700,62800,3793,239262000,594148802100,9386237
001725,신영증권우,64200,600,0.94,63800,64200,63600,325,20810000,452851584600,7053763
009270,신원,3595,410,12.87,3280,3705,3105,113291324,394448118180,325910236135,90656533
009275,신원우,51000,1800,3.66,49400,51300,48700,3072,155756000,4627740000,90740
002700,신일전자,1995,65,3.37,1940,2000,1930,3473342,6850692505,141739804395,71047521
019170,신풍제약,62300,200,0.32,62400,62800,60900,531050,32930965100,3300964877000,52984990
019175,신풍제약우,81600,-800,-0.97,83900,84000,80100,15165,1245077200,179520000000,2200000
002870,신풍제지,2415,10,0.42,2450,2450,2385,134719,324562470,84425260500,34958700
293940,신한알파리츠,8030,-60,-0.74,8090,8090,7980,98177,786790180,420210887690,52330123
055550,신한지주,39000,100,0.26,38900,39200,38750,1141181,44552131850,20147382606000,516599554
004080,신흥,15700,-150,-0.95,15850,16200,15350,37947,596154300,149150000000,9500000
102280,쌍방울,694,12,1.76,687,697,674,2603437,1788502970,182238937526,262592129
003410,쌍용C&E,7770,90,1.17,7690,7780,7630,526616,4066676720,3914989053150,503859595
003620,쌍용차,2770,0,0,0,0,0,0,0,415056805540,149840002
004770,써니전자,3780,-10,-0.26,3805,3805,3700,1285206,4816450785,131714141580,34845011
015540,쎌마테라퓨틱스,6410,0,0,0,0,0,0,0,86229499400,13452340
004920,씨아이테크,1020,15,1.49,1015,1035,1005,273136,277589655,40750753380,39951719
112610,씨에스윈드,74200,1700,2.34,72500,75000,71100,802544,59369119500,3129118102600,42171403
008700,아남전자,2310,40,1.76,2280,2335,2270,547921,1260262090,178158334200,77124820
002790,아모레G,52100,2400,4.83,50200,52500,50200,304483,15689045900,4296071178000,82458180
00279K,아모레G3우(전환),39000,1000,2.63,38150,39150,38150,9683,373925600,276595800000,7092200
002795,아모레G우,19200,50,0.26,19200,19500,19100,133417,2565954650,123720384000,6443770
090430,아모레퍼시픽,186500,3500,1.91,185500,189000,184000,225191,41925189500,10908899553500,58492759
090435,아모레퍼시픽우,71800,1300,1.84,70400,72400,70400,34532,2473573300,758052194000,10557830
002030,아세아,139000,7000,5.3,133000,139500,132500,3974,543134000,304552336000,2191024
183190,아세아시멘트,132000,11000,9.09,124500,132500,122000,13411,1725972500,514246788000,3895809
002310,아세아제지,43550,500,1.16,43450,44050,43150,39667,1728699800,390055662100,8956502
012170,아센디오,2150,40,1.9,2110,2335,2070,503117,1119472160,136544771400,63509196
267850,아시아나IDT,20550,-50,-0.24,20950,20950,20400,23171,476561450,228105000000,11100000
020560,아시아나항공,23750,100,0.42,23950,24550,23600,1199752,28755791200,1767279395000,74411764
122900,아이마켓코리아,11350,50,0.44,11950,12050,11250,587211,6842727000,379417334000,33428840
010780,아이에스동서,46800,-250,-0.53,46900,47400,46450,33845,1587793750,1445773960800,30892606
139990,아주스틸,18000,0,0,18300,18300,17850,165149,2977627450,476139402000,26452189
001780,알루코,4395,55,1.27,4400,4470,4340,978409,4287716285,394632464640,89791232
018250,애경산업,22450,0,0,22650,22750,22350,39838,898664100,592903040750,26409935
161000,애경유화,16250,150,0.93,16200,16450,15800,514852,8306616800,520650000000,32040000
011090,에넥스,2590,-10,-0.38,2600,2710,2570,1499941,3940093890,155378350190,59991641
137310,에스디바이오센서,46250,550,1.2,46050,46900,45850,355219,16481787550,4776300076250,103271353
005850,에스엘,32500,-1400,-4.13,33400,33750,32200,377655,12356661800,1566606502500,48203277
012750,에스원,85300,-100,-0.12,84600,86200,84600,49195,4215678800,3241329883400,37999178
023960,에쓰씨엔지니어링,4675,-120,-2.5,4810,4840,4615,354256,1658998945,134782994225,28830587
298690,에어부산,2840,-25,-0.87,2830,2840,2720,6256171,17476955175,550732800000,193920000
140910,에이리츠,11050,200,1.84,10850,11100,10750,20685,227105000,46602159500,4217390
078520,에이블씨엔씨,7840,130,1.69,7840,7910,7730,44496,348545460,211942318560,27033459
015260,에이엔피,2380,75,3.25,2315,2405,2265,478661,1123296805,53160653420,22336409
007460,에이프로젠 MED,1830,10,0.55,1830,1840,1805,1066861,1943882725,364454070900,199155230
003060,에이프로젠제약,1030,5,0.49,1025,1035,1015,519343,532286720,410533040010,398575767
244920,에이플러스에셋,10850,1070,10.94,9950,10950,9950,1425616,15044482990,245293469050,22607693
036570,엔씨소프트,607000,25000,4.3,585000,611000,585000,246295,148368797000,13326091354000,21954022
138250,엔에스쇼핑,15300,750,5.15,14650,15400,14400,126192,1886704950,515548800000,33696000
380440,엔에이치스팩19호,2135,10,0.47,2125,2135,2110,42883,91037325,109504150000,51290000
085310,엔케이,1155,20,1.76,1150,1160,1125,274433,313874025,92380771560,79983352
009810,엔케이물산,1915,-45,-2.3,1965,2030,1900,1529949,3005648410,154381681390,80617066
900140,엘브이엠씨홀딩스,3365,40,1.2,3330,3395,3310,324626,1091109205,334667074405,99455297
097520,엠씨넥스,41450,50,0.12,41450,41750,40800,60149,2483202200,744578038900,17963282
014440,영보화학,4315,55,1.29,4300,4340,4265,31984,137150900,86300000000,20000000
111770,영원무역,46200,350,0.76,45850,46550,45050,174445,8015963050,2047189821600,44311468
009970,영원무역홀딩스,47500,-400,-0.84,47950,47950,47150,16798,794992400,647690620000,13635592
003520,영진약품,4900,40,0.82,4865,4920,4820,375952,1831978100,896174381900,182892731
000670,영풍,722000,10000,1.4,711000,724000,710000,2711,1948571000,1329952880000,1842040
006740,영풍제지,7000,0,0,7000,7050,6930,31523,220038800,155400000000,22200000
012280,영화금속,2120,25,1.19,2095,2160,2080,1861849,3952710725,113196350600,53394505
012160,영흥,1115,45,4.21,1070,1120,1070,972360,1061139615,112961064780,101310372
015360,예스코홀딩스,39100,350,0.9,38750,39350,38750,950,37127200,234600000000,6000000
007310,오뚜기,489000,5000,1.03,484000,489000,483500,4251,2065244500,1795598709000,3671981
002630,오리엔트바이오,1315,-15,-1.13,1350,1355,1275,720086,942903855,155936651575,118583005
271560,오리온,119000,-1000,-0.83,118500,120000,118500,48560,5791951500,4704799708000,39536132
001800,오리온홀딩스,16550,-50,-0.3,16700,16750,16500,80501,1337614350,1036781734100,62645422
011690,와이투솔루션,2440,0,0,0,0,0,0,0,359254954280,147235637
070960,용평리조트,6020,70,1.18,5990,6030,5900,257670,1540400910,289762664660,48133333
316140,우리금융지주,11950,200,1.7,11800,11950,11750,2348145,27924097350,8700323560550,728060549
118000,우리들휴브레인,1545,15,0.98,1560,1560,1520,213248,327350370,125644673085,81323413
010050,우리종금,881,27,3.16,861,882,852,3595647,3120561083,770173200686,874203406
006980,우성사료,30100,50,0.17,30200,30400,29650,13408,402129500,93009000000,3090000
017370,우신시스템,6690,-530,-7.34,7150,7390,6650,5972835,41841845200,122521021260,18314054
105840,우진,9550,780,8.89,8850,10150,8830,9238748,89314151300,194090513700,20323614
010400,우진아이엔에스,8060,160,2.03,7910,8090,7910,4918,39278860,61433320000,7622000
049800,우진플라임,4800,480,11.11,4400,4950,4325,505030,2402481915,96000000000,20000000
016880,웅진,2360,160,7.27,2215,2400,2210,2711412,6266577830,188627908800,79927080
095720,웅진씽크빅,3410,70,2.1,3350,3410,3330,321595,1083816780,393875408850,115505985
005820,원림,21050,550,2.68,20900,21300,20600,2745,57600900,48372268500,2297970
010600,웰바이오텍,1860,40,2.2,1825,1890,1780,165990,304594095,109139673840,58677244
008600,윌비스,2005,25,1.26,2000,2015,1950,676608,1341681025,131872683560,65771912
033270,유나이티드제약,47800,400,0.84,48150,48550,47100,81078,3867353200,776502491600,16244822
014830,유니드,132500,-1000,-0.75,135000,138500,132500,111796,15069537500,1177904197500,8889843
000910,유니온,6540,130,2.03,6430,6560,6350,187567,1211229860,102099988260,15611619
047400,유니온머티리얼,3400,-55,-1.59,3470,3500,3380,1119354,3829496185,142800000000,42000000
011330,유니켐,1485,25,1.71,1470,1495,1445,578122,849717795,107778940335,72578411
077500,유니퀘스트,9920,170,1.74,9830,9940,9740,99537,980913470,271167912000,27335475
002920,유성기업,3390,0,0,3390,3500,3380,135896,465370890,87962025000,25947500
000700,유수홀딩스,5840,50,0.86,5850,5880,5760,25936,150706410,152084182080,26041812
003470,유안타증권,4240,25,0.59,4220,4270,4200,327837,1389454480,846289482240,199596576
003475,유안타증권우,4310,60,1.41,4240,4315,4205,22096,93951370,55651633720,12912212
072130,유엔젤,5390,180,3.45,5270,5440,5150,621631,3297896110,71123497060,13195454
000220,유유제약,7640,-10,-0.13,7800,7800,7540,101372,775165690,131655161640,17232351
000225,유유제약1우,10300,410,4.15,9890,10550,9890,22929,234011530,23349379000,2266930
000227,유유제약2우B,22550,450,2.04,22700,22700,22100,170,3815200,7341378000,325560
001200,유진투자증권,3830,50,1.32,3820,3850,3785,149657,572341225,370998380940,96866418
000100,유한양행,62300,800,1.3,61500,62800,61500,200891,12515616400,4359315345700,69972959
000105,유한양행우,59500,500,0.85,59000,59600,59000,1184,70379400,70265930000,1180940
003460,유화증권,2770,30,1.09,2780,2780,2735,49624,136464440,157065689550,56702415
003465,유화증권우,2820,30,1.08,2810,2820,2770,425,1197130,49283518500,17476425
008730,율촌화학,22850,50,0.22,23200,23200,22500,79205,1798001900,566680000000,24800000
008250,이건산업,13550,50,0.37,13650,13700,13350,150181,2031129150,148408204250,10952635
025820,이구산업,4300,110,2.63,4400,4445,4265,1663038,7249514605,143800600000,33442000
214320,이노션,61100,500,0.83,59600,61500,59600,36508,2225816800,1222000000000,20000000
088260,이리츠코크렙,6140,40,0.66,6090,6200,6080,58995,362220050,388917362600,63341590
139480,이마트,162500,-1500,-0.91,164000,166500,161500,141887,23212219000,4529820587500,27875819
007660,이수페타시스,3785,65,1.75,3750,3800,3670,258085,966085250,156200886430,41268398
005950,이수화학,16300,100,0.62,16300,16450,15850,825500,13352968550,455740567200,27959544
015020,이스타코,3580,30,0.85,3610,3715,3525,1262095,4563781515,153408728000,42851600
093230,이아이디,401,-2,-0.5,405,408,397,11710118,4695474651,335068865205,835583205
074610,이엔플러스,3455,-25,-0.72,3470,3535,3430,110579,382376550,177425115975,51353145
102460,이연제약,43200,-700,-1.59,44500,44800,43100,127189,5564619900,777538526400,17998577
084680,이월드,2515,50,2.03,2465,2545,2420,489176,1217752870,356642575395,141806193
350520,이지스레지던스리츠,5300,70,1.34,5230,5300,5210,72243,380249290,109180000000,20600000
334890,이지스밸류리츠,5720,40,0.7,5690,5730,5630,72205,410835630,137280000000,24000000
000760,이화산업,16750,400,2.45,16400,16800,16400,2207,36625200,46900000000,2800000
014990,인디에프,1895,105,5.87,1795,1935,1750,4065039,7572015675,111678025525,58932995
101140,인바이오젠,3650,80,2.24,3615,3660,3500,746005,2671199470,188199099050,51561397
006490,인스코비,3675,-90,-2.39,3735,3735,3615,1941794,7115674965,399672511875,108754425
023800,인지컨트롤스,17250,200,1.17,17050,17700,16650,399679,6946148350,261512208000,15160128
034590,인천도시가스,29600,150,0.51,29800,29800,29200,5513,162468700,129492718400,4374754
129260,인터지스,3865,245,6.77,3625,3915,3605,960596,3625650880,114975533010,29747874
023810,인팩,17050,-250,-1.45,17500,17800,16950,132009,2281550300,170500000000,10000000
249420,일동제약,13600,200,1.49,13600,13650,13300,33536,451738350,323724676000,23803285
000230,일동홀딩스,13350,350,2.69,13450,13450,12800,64097,829134600,154064340000,11540400
013360,일성건설,7040,-170,-2.36,7210,7550,6970,11719810,85930832330,380335155200,54024880
003120,일성신약,79200,100,0.13,78900,79500,78800,296,23391400,210672000000,2660000
003200,일신방직,117500,1500,1.29,117500,119500,116000,7731,910410500,282000000000,2400000
007110,일신석재,2895,140,5.08,2785,2965,2705,7879892,22558867675,224236885950,77456610
007570,일양약품,30950,-200,-0.64,31450,31500,30550,53791,1667261400,590701300800,19085664
007575,일양약품우,30250,0,0,30750,30750,30000,1011,30467400,13463670000,445080
008500,일정실업,22050,100,0.46,21950,22050,21900,2138,47003300,26460000000,1200000
081000,일진다이아,40400,200,0.5,40600,40600,40000,49247,1981491350,573800190000,14202975
020760,일진디스플,3720,120,3.33,3600,3730,3600,69740,256773300,128222023920,34468286
020150,일진머티리얼즈,111000,2500,2.3,109500,112500,107000,481684,53052928500,5118302685000,46110835
103590,일진전기,5800,400,7.41,5460,6170,5370,3194951,18827807980,215066262000,37080390
271940,일진하이솔루스,71300,-900,-1.25,73000,73100,70800,202021,14501193900,2589130447000,36313190
015860,일진홀딩스,7270,190,2.68,7190,7620,7150,2630351,19462553830,358756201410,49347483
226320,잇츠한불,21200,250,1.19,21000,21300,20900,16917,356596850,464901478000,21929315
317400,자이에스앤디,9020,110,1.23,8990,9070,8910,45134,407028820,349818330400,38782520
033240,자화전자,16700,150,0.91,16750,17200,16500,123662,2081033550,298930000000,17900000
000950,전방,40850,250,0.62,40700,41000,40000,2013,81533000,68628000000,1680000
348950,제이알글로벌리츠,5450,20,0.37,5430,5450,5400,593631,3224007910,902520000000,165600000
194370,제이에스코퍼레이션,21550,1350,6.68,20400,21850,20050,181993,3863436950,287382201550,13335601
025620,제이준코스메틱,1175,0,0,1170,1195,1165,178261,210053535,83176511000,70788520
036420,제이콘텐트리,58000,2800,5.07,55500,58500,55500,445967,25573690600,1023169068000,17640846
030000,제일기획,24000,950,4.12,23500,24200,23400,818687,19537887350,2760989400000,115041225
271980,제일약품,36550,2200,6.4,34450,38450,34250,121932,4470580900,537463071600,14704872
001560,제일연마,9080,110,1.23,8980,9080,8750,16511,147183210,90800000000,10000000
002620,제일파마홀딩스,18300,600,3.39,17700,18700,17500,19820,357480700,292312396500,15973355
006220,제주은행,6330,110,1.77,6300,6420,6260,125351,793593700,203375139420,32128774
089590,제주항공,22600,300,1.35,22350,22850,22300,83413,1877148050,870091299000,38499615
004910,조광페인트,8030,360,4.69,7790,8190,7720,74145,593429830,102784000000,12800000
004700,조광피혁,58200,700,1.22,57500,58500,57400,2396,139408300,386979831600,6649138
001550,조비,26300,750,2.94,25700,26500,25150,180236,4673107900,136555885700,5192239
000480,조선내화,88400,500,0.57,87900,88600,87800,1108,97845300,353600000000,4000000
120030,조선선재,104000,1500,1.46,102500,104000,101000,3135,321594000,130795704000,1257651
018470,조일알미늄,3230,15,0.47,3370,3460,3180,13993453,46178131490,331500458830,102631721
002600,조흥,195500,-500,-0.26,196000,198500,194500,137,26827000,117300000000,600000
185750,종근당,120500,500,0.42,120000,122000,119000,26963,3238842500,1376844929500,11426099
063160,종근당바이오,43300,50,0.12,43100,43450,42650,19933,856928300,237542154600,5485962
001630,종근당홀딩스,84500,1100,1.32,83600,84700,82700,4852,406892600,423333254500,5009861
044380,주연테크,1145,25,2.23,1130,1145,1105,933852,1050588540,62530841905,54612089
013890,지누스,85000,3700,4.55,81500,87100,80400,335954,28290842800,1343038250000,15800450
013870,지엠비코리아,6970,140,2.05,6790,7020,6740,81975,566059220,132933791600,19072280
071320,지역난방공사,43050,-450,-1.03,43500,43900,42500,19189,822913800,498464929200,11578744
010580,지코,306,0,0,0,0,0,0,0,19761980616,64581636
035000,지투알,6740,90,1.35,7510,7620,6670,2689397,19291508650,111664336660,16567409
088790,진도,3340,90,2.77,3260,3360,3260,49658,164805885,41575464960,12447744
003780,진양산업,6240,110,1.79,6170,6280,6150,152807,949885740,81120000000,13000000
010640,진양폴리,3920,80,2.08,3850,3950,3850,44549,173854035,39200000000,10000000
100250,진양홀딩스,3050,25,0.83,3035,3050,3025,36897,112031940,170480640600,55895292
051630,진양화학,4120,75,1.85,4065,4145,4055,67052,274818700,49440000000,12000000
272450,진에어,21800,-50,-0.23,22000,22050,21450,252777,5505149650,981000000000,45000000
011000,진원생명과학,28400,-350,-1.22,28950,29150,28250,487449,13894962200,1284006827200,45211508
002780,진흥기업,2220,15,0.68,2230,2245,2170,755781,1667544055,322947273900,145471745
002787,진흥기업2우B,14950,0,0,14900,14950,14700,672,9934750,4407379600,294808
002785,진흥기업우B,6120,-30,-0.49,6110,6140,6100,878,5369730,5246174160,857218
009310,참엔지니어링,1270,30,2.42,1250,1280,1250,93359,118096785,70521276280,55528564
000650,천일고속,68800,500,0.73,68900,68900,67800,199,13606900,98330336000,1429220
033250,체시스,1430,50,3.62,1395,1430,1380,224596,316895665,45760000000,32000000
035720,카카오,122000,500,0.41,123000,123500,120000,2331425,283689153652,54334081040000,445361320
323410,카카오뱅크,60100,1100,1.86,60300,60600,58100,1870593,111592881900,28553524243700,475100237
006380,카프로,4870,-20,-0.41,4950,4950,4815,305066,1484784525,194800000000,40000000
109070,컨버즈,4100,0,0,0,0,0,0,0,66185504600,16142806
001620,케이비아이동국실업,1175,5,0.43,1175,1215,1130,1567170,1826263975,102481122975,87217977
029460,케이씨,21750,350,1.64,21650,21800,21400,29008,627820200,294800457000,13554044
281820,케이씨텍,21700,100,0.46,22050,22300,21450,156674,3400624950,452695765200,20861556
381970,케이카,24700,200,0.82,24600,24850,24050,756712,18531607750,1187737365100,48086533
145270,케이탑리츠,1530,5,0.33,1525,1535,1485,330548,500490655,70722914310,46224127
357120,코람코에너지리츠,6360,10,0.16,6350,6370,6310,56332,357593140,442783200000,69620000
007815,코리아써우,6390,-50,-0.78,6440,6610,6370,991,6407130,18944369100,2964690
007810,코리아써키트,13850,100,0.73,13900,13900,13600,232976,3212555550,327147401350,23620751
00781K,코리아써키트2우B,8380,110,1.33,8380,8380,8270,151,1261430,6567397620,783699
003690,코리안리,9830,100,1.03,9760,9860,9750,320203,3143781720,1183228410280,120369116
192820,코스맥스,136000,4000,3.03,132000,136000,131500,107554,14461719500,1543533224000,11349509
044820,코스맥스비티아이,17650,-100,-0.56,17750,17900,17600,5691,100889800,169509205650,9603921
005070,코스모신소재,48250,1500,3.21,47500,51000,47450,2092050,103061606600,1451692394250,30086889
005420,코스모화학,17950,150,0.84,18000,18600,17800,1025696,18629056250,498915816350,27794753
071950,코아스,1300,50,4,1255,1305,1240,413043,529652235,40179373000,30907210
002020,코오롱,37000,0,0,37350,37400,36600,72763,2686357850,467177762000,12626426
003070,코오롱글로벌,28300,350,1.25,28200,28600,27700,90047,2545769950,713455395400,25210438
003075,코오롱글로벌우,33550,100,0.3,33850,33850,33250,553,18570700,10494540650,312803
144620,코오롱머티리얼,3075,0,0,0,0,0,0,0,211125302625,68658635
002025,코오롱우,21550,150,0.7,21500,21550,21200,10243,218643900,23196204500,1076390
120110,코오롱인더,93900,-500,-0.53,94600,95500,92500,368612,34580682500,2533313076000,26978840
120115,코오롱인더우,43150,-600,-1.37,44350,44400,42500,29236,1262582350,119433159000,2767860
138490,코오롱플라스틱,18300,-300,-1.61,19000,19000,17700,1104187,20034574900,695400000000,38000000
021240,코웨이,79900,1200,1.52,76500,80900,76500,219903,17594259200,5896589558100,73799619
031820,콤텍시스템,944,12,1.29,937,947,928,724176,679621936,114272583904,121051466
192400,쿠쿠홀딩스,22500,-350,-1.53,22850,22950,22400,26172,590206600,800149162500,35562185
284740,쿠쿠홈시스,43250,-300,-0.69,43900,43900,42700,32954,1422122550,970414522500,22437330
015590,큐로,506,2,0.4,506,511,499,908450,458363631,116993088828,231211638
264900,크라운제과,10050,60,0.6,10000,10100,9900,20836,208363360,125864692500,12523850
26490K,크라운제과우,13900,100,0.72,13950,14100,13750,4295,59852000,10752484000,773560
005740,크라운해태홀딩스,8990,90,1.01,8960,9000,8900,13674,122421390,133477649530,14847347
005745,크라운해태홀딩스우,13750,250,1.85,13550,13900,13500,3468,47399750,8259982500,600726
259960,크래프톤,472500,-6000,-1.25,478000,483500,467500,236323,111960292000,23129557762500,48951445
020120,키다리스튜디오,16200,-200,-1.22,16550,16650,16100,243059,3958841600,539408678400,33296832
039490,키움증권,107000,0,0,107500,108500,107000,41379,4455447000,2805487891000,26219513
014580,태경비케이,5600,-10,-0.18,5640,5680,5530,374618,2098121500,154465360000,27583100
015890,태경산업,6500,-90,-1.37,6580,6670,6470,357876,2336172470,189986875000,29228750
006890,태경케미컬,13900,250,1.83,13700,14150,13500,72502,1001754400,161240000000,11600000
003240,태광산업,1098000,-9000,-0.81,1104000,1116000,1091000,804,882310000,1222513200000,1113400
011280,태림포장,4155,30,0.73,4130,4170,4095,238414,985621480,294198680700,70805940
004100,태양금속,1920,5,0.26,1920,1920,1855,552959,1048731555,70464000000,36700000
004105,태양금속우,3135,95,3.13,3135,3135,3060,18483,57662470,10345500000,3300000
009410,태영건설,11500,-50,-0.43,11550,11650,11350,59894,684882000,447339627000,38899098
009415,태영건설우,13200,-100,-0.75,13400,13400,13100,2840,37532100,17188274400,1302142
001420,태원물산,4920,95,1.97,4855,4935,4855,24472,120093085,37392000000,7600000
007980,태평양물산,3020,25,0.83,3005,3050,2885,1525449,4544939040,145411752740,48149587
055490,테이팩스,73500,-1100,-1.47,75500,75600,72800,30846,2277444500,346747275000,4717650
078000,텔코웨어,11000,100,0.92,10900,11000,10900,5065,55455400,106729766000,9702706
214420,토니모리,6700,270,4.2,6500,6760,6450,42060,275977570,123170930700,18383721
019180,티에이치엔,4950,-150,-2.94,5130,5140,4880,1885722,9480056825,89100000000,18000000
363280,티와이홀딩스,27950,-50,-0.18,28050,28150,27650,69905,1951024650,1122796639250,40171615
36328K,티와이홀딩스우,23950,100,0.42,23850,23950,22000,5344,125073850,30065345100,1255338
091810,티웨이항공,3990,55,1.4,3970,4035,3950,507560,2027424365,440217813210,110330279
004870,티웨이홀딩스,1470,15,1.03,1465,1470,1425,326168,471977305,113862663180,77457594
005690,파미셀,13050,-50,-0.38,13250,13300,12950,582951,7619595150,782464297500,59958950
036580,팜스코,5980,50,0.84,5960,6050,5920,46189,275709450,219633099140,36727943
004720,팜젠사이언스,10950,50,0.46,11100,11250,10800,291277,3205750250,161106616350,14712933
028670,팬오션,6680,70,1.06,6730,6860,6660,5847271,39431646930,3570924340160,534569512
010820,퍼스텍,2235,25,1.13,2220,2240,2190,143739,318813530,107417363100,48061460
016800,퍼시스,38200,1000,2.69,37200,38300,37000,1890,71395000,439300000000,11500000
001020,페이퍼코리아,1975,85,4.5,1945,1990,1880,177985,345266280,80546142575,40782857
090080,평화산업,2340,-40,-1.68,2380,2435,2330,2629551,6248585155,128471286060,54902259
010770,평화홀딩스,5200,130,2.56,5110,5260,5110,60009,312043980,76052423200,14625466
058430,포스코강판,64600,-1800,-2.71,66400,66700,63100,246962,15969816500,387600000000,6000000
047050,포스코인터내셔널,23100,-150,-0.65,23400,23550,22900,814965,18835264350,2849965941900,123375149
003670,포스코케미칼,162000,-2000,-1.22,165500,166000,159500,370963,60144792500,12549041640000,77463220
007630,폴루스바이오팜,1225,0,0,0,0,0,0,0,55134426375,45007695
017810,풀무원,17050,150,0.89,17100,17150,16850,74192,1258325800,649955241100,38120542
103140,풍산,34050,350,1.04,34950,35100,34000,209582,7212721700,954226665900,28024278
005810,풍산홀딩스,29850,350,1.19,29700,29900,29450,20672,613726250,310724410800,10409528
950210,프레스티지바이오파마,25900,-450,-1.71,26700,26800,25750,219680,5726322300,1556490414500,60096155
086790,하나금융지주,44200,300,0.68,44050,44350,43850,1015302,44800760200,13270699140400,300242062
293480,하나제약,20650,150,0.73,20600,20750,20400,59623,1227317200,367011334900,17772946
039130,하나투어,86400,-800,-0.92,87200,88100,86100,98870,8556518500,1204345584000,13939185
172580,하이골드12호,2645,5,0.19,2645,2645,2630,26269,69173175,34502702500,13044500
153360,하이골드3호,2445,-45,-1.81,2485,2485,2440,49215,120577685,39486236550,16149790
352820,하이브,306500,18000,6.24,290000,308500,290000,757313,229205166000,11969075410500,39050817
071090,하이스틸,3450,20,0.58,3430,3495,3410,138340,477111965,68998068000,19999440
019490,하이트론,3805,10,0.26,3870,4080,3775,81572,314567445,27857713920,7321344
000080,하이트진로,35900,650,1.84,35650,35950,35250,577435,20563582100,2517796634900,70133611
000087,하이트진로2우B,21400,50,0.23,21350,21450,21150,3827,81695400,24184953200,1130138
000140,하이트진로홀딩스,15050,400,2.73,14900,15100,14750,41939,626070450,349261813250,23206765
000145,하이트진로홀딩스우,17400,250,1.46,17350,17500,17050,1922,33563050,8192094000,470810
152550,한국ANKOR유전,1595,25,1.59,1570,1600,1570,73585,116467095,111681900000,70020000
036460,한국가스공사,48900,700,1.45,48200,49750,48200,770205,37692895350,4514105700000,92313000
005430,한국공항,50900,-1700,-3.23,52900,53100,50600,42826,2187733400,161167469500,3166355
071050,한국금융지주,86200,700,0.82,86000,87200,84900,170740,14671994500,4803580510400,55725992
071055,한국금융지주우,67200,1900,2.91,65500,67200,64900,23275,1536648300,393674467200,5858251
010040,한국내화,4145,25,0.61,4175,4175,4060,104932,430281230,170222971990,41067062
025540,한국단자,77600,-1200,-1.52,78800,80000,76600,34221,2656829000,808204000000,10415000
004090,한국석유,13550,150,1.12,13600,13600,13350,114617,1542623400,172005326000,12694120
002200,한국수출포장,25950,-300,-1.14,26300,26500,25850,19626,510354400,103800000000,4000000
002960,한국쉘석유,280000,-1000,-0.36,281000,282000,278000,2792,779780000,364000000000,1300000
000240,한국앤컴퍼니,17800,300,1.71,17550,17950,17500,225444,4006653150,1689847272000,94935240
123890,한국자산신탁,4505,35,0.78,4475,4515,4465,240819,1080513775,558519772760,123977752
015760,한국전력,22950,200,0.88,22800,23200,22800,2138130,49126547150,14733075567150,641964077
006200,한국전자홀딩스,1455,-20,-1.36,1480,1510,1430,950065,1386849575,68098562880,46803136
009540,한국조선해양,97300,1300,1.35,96300,99300,96300,245833,24009250000,6886224186800,70773116
023350,한국종합기술,7750,140,1.84,7640,7820,7600,41666,320802670,84862500000,10950000
025890,한국주강,4180,-270,-6.07,4460,5150,4110,2819453,13075189210,47272702620,11309259
000970,한국주철관,10050,70,0.7,10000,10150,9910,80545,805733060,229145025000,22800500
104700,한국철강,9600,-30,-0.31,9770,9790,9570,85707,825833220,442080000000,46050000
017960,한국카본,11900,-150,-1.24,12100,12150,11850,560276,6692353050,523133008300,43960757
161890,한국콜마,46750,950,2.07,45900,46850,45550,110193,5105925000,1069695165000,22881180
024720,한국콜마홀딩스,23600,500,2.16,23300,23700,23200,29502,693182400,438410568400,18576719
161390,한국타이어앤테크놀로지,44000,-1650,-3.61,44500,45200,43700,385692,17030245100,5450503036000,123875069
034830,한국토지신탁,2375,5,0.21,2390,2390,2355,491022,1161370525,599661921250,252489230
007280,한국특강,3245,200,6.57,3050,3295,3000,350894,1122361070,172771834620,53242476
168490,한국패러랠,2090,25,1.21,2065,2090,2065,35409,73851185,167241800000,80020000
010100,한국프랜지,2975,45,1.54,2970,2985,2925,76365,225350355,90589999500,30450420
047810,한국항공우주,33350,150,0.45,33450,33750,32850,485088,16131588400,3250794818450,97475107
123690,한국화장품,9440,230,2.5,9400,9470,9240,38352,358269140,151681920000,16068000
003350,한국화장품제조,28650,650,2.32,28200,28950,28000,14264,407717100,129841800000,4532000
011500,한농화성,23350,0,0,23350,23900,22200,2430390,56158020500,365124930700,15637042
002390,한독,24400,150,0.62,24150,24400,23900,11127,269318650,335830205200,13763533
014790,한라,5820,20,0.34,5850,5850,5730,184203,1068967870,220337057820,37858601
060980,한라홀딩스,52100,-900,-1.7,54300,54300,51900,58583,3069001400,545594847000,10472070
053690,한미글로벌,10700,200,1.9,10650,10750,10500,42321,450548000,117245785000,10957550
042700,한미반도체,31400,2200,7.53,30150,31850,30150,894730,27901077500,1553040137800,49459877
008930,한미사이언스,60000,-200,-0.33,60000,61000,59300,71500,4293469800,4038276660000,67304611
128940,한미약품,270500,1000,0.37,268500,273500,267500,22254,6020329500,3267175281000,12078282
009240,한샘,111500,6000,5.69,106000,113000,106000,150618,16569528000,2624032972000,23533928
020000,한섬,43050,950,2.26,42500,43300,42050,143859,6159902400,1060321500000,24630000
003680,한성기업,6710,150,2.29,6580,6710,6570,15762,104393690,41665845650,6209515
105630,한세실업,26050,1950,8.09,24100,26350,23900,1202935,30710708550,1042000000000,40000000
069640,한세엠케이,5680,460,8.81,5250,5880,5240,344409,1939005330,73324948960,12909322
016450,한세예스24홀딩스,8280,150,1.85,8190,8350,8180,38720,320367660,331200000000,40000000
010420,한솔PNS,2160,-20,-0.92,2180,2200,2135,215351,463686565,44264905920,20493012
009180,한솔로지스틱스,4695,130,2.85,4585,4880,4520,9608163,45571716835,129006510375,27477425
213500,한솔제지,15100,250,1.68,15000,15150,14750,129205,1933162650,359388697600,23800576
014680,한솔케미칼,362000,12500,3.58,350000,369500,347000,111936,40331874500,4103340590000,11335195
004710,한솔테크닉스,6880,60,0.88,6870,6890,6750,82573,564643760,220915960640,32109878
004150,한솔홀딩스,3850,25,0.65,3830,3855,3805,233039,891001600,161733021450,42008577
025750,한솔홈데코,1815,50,2.83,1780,1820,1755,1006198,1799282890,146225745435,80565149
004960,한신공영,20050,50,0.25,20050,20150,19800,20038,400171850,231992575100,11570702
011700,한신기계,3550,235,7.09,3350,3765,3340,7754649,27919438775,115183836050,32446151
001750,한양증권,17900,500,2.87,17450,17900,17250,31790,559003200,227840758600,12728534
001755,한양증권우,22350,550,2.52,21800,22350,21650,5785,127848500,11733750000,525000
018880,한온시스템,15550,150,0.97,15300,15600,15300,480148,7427582800,8300590000000,533800000
009420,한올바이오파마,20650,-50,-0.24,20750,20900,20400,165397,3405583700,1078769174700,52240638
014130,한익스프레스,6280,80,1.29,6220,6550,6130,214077,1354910240,75360000000,12000000
300720,한일시멘트,16250,50,0.31,16500,16500,16000,174200,2824964900,1125500025000,69261540
002220,한일철강,3435,110,3.31,3325,3480,3255,146468,496525100,91705775100,26697460
006390,한일현대시멘트,31450,800,2.61,30650,31450,30650,18281,567516850,559009125750,17774535
003300,한일홀딩스,13900,300,2.21,13700,13950,13500,13986,191732700,400539342000,28815780
051600,한전KPS,41550,1150,2.85,40700,42400,40400,844765,35182954150,1869750000000,45000000
052690,한전기술,59100,7200,13.87,52300,60000,51900,2632898,151570562400,2258802000000,38220000
130660,한전산업,15450,1150,8.04,14450,16750,14450,12665669,200354263100,503670000000,32600000
002320,한진,35400,100,0.28,35500,35650,35150,15506,548110950,529146031200,14947628
097230,한진중공업,9970,260,2.68,9700,9970,9690,89320,877677470,830244581570,83274281
003480,한진중공업홀딩스,4655,-5,-0.11,4700,4725,4625,69859,325054420,137461274860,29529812
180640,한진칼,59400,100,0.17,58800,60500,58800,84611,5052140500,3964289056200,66738873
18064K,한진칼우,37250,-150,-0.4,37700,37700,37000,5823,216452000,19994533500,536766
005110,한창,1185,10,0.85,1185,1215,1170,971455,1158842840,79146468765,66790269
009460,한창제지,2110,50,2.43,2075,2130,2060,552848,1159309030,125898395460,59667486
372910,한컴라이프케어,8170,200,2.51,8090,8250,8000,202854,1651731900,226099897020,27674406
000880,한화,33950,400,1.19,33700,33950,33550,385028,12986761400,2544849053250,74958735
00088K,한화3우B,16400,250,1.55,16350,16550,16200,48899,797902550,368540800000,22472000
088350,한화생명,3620,50,1.4,3590,3680,3585,3317794,12035833445,3144078600000,868530000
000370,한화손해보험,4565,70,1.56,4500,4665,4500,810599,3714237865,532913146975,116738915
009830,한화솔루션,44650,350,0.79,43900,45350,43500,3064942,136647233000,8540584891050,191278497
009835,한화솔루션우,44250,450,1.03,44750,44750,42250,6263,274222200,49725362250,1123737
272210,한화시스템,17350,150,0.87,17400,17650,17100,774440,13472667350,3277751399150,188919389
012450,한화에어로스페이스,50100,-200,-0.4,50700,51000,49500,528181,26457247250,2536563000000,50630000
000885,한화우,39000,-100,-0.26,39100,39100,39000,930,36320900,18692466000,479294
003530,한화투자증권,4815,330,7.36,4535,4930,4475,6498270,31020711625,1033047536625,214547775
003535,한화투자증권우,15000,1600,11.94,13800,15050,13450,173124,2538191050,72000000000,4800000
195870,해성디에스,45450,1450,3.3,44000,45650,43450,410539,18369141400,772650000000,17000000
101530,해태제과식품,8340,150,1.83,8210,8350,8210,34437,286081710,242834295480,29116822
143210,핸즈코퍼레이션,5540,20,0.36,5540,5560,5450,18483,102102170,121122504720,21863268
000720,현대건설,51700,500,0.98,51700,52000,51300,287427,14857278300,5757093050500,111355765
267270,현대건설기계,40650,150,0.37,40550,41150,40100,66679,2700018450,800837235450,19700793
000725,현대건설우,162500,1500,0.93,166000,166000,161000,299,48621500,16064100000,98856
005440,현대그린푸드,9590,20,0.21,9570,9640,9520,170816,1637415870,936985982380,97704482
086280,현대글로비스,178500,0,0,180000,180500,176000,97696,17394900500,6693750000000,37500000
042670,현대두산인프라코어,9270,0,0,0,0,0,0,0,737175317760,79522688
064350,현대로템,23850,300,1.27,23700,24100,23400,967871,22969234500,2603043688050,109142293
079430,현대리바트,16700,250,1.52,16500,16800,16450,38457,640407050,342939209400,20535282
012330,현대모비스,271000,-2000,-0.73,273500,274500,270000,263032,71519989000,25688928474000,94793094
010620,현대미포조선,66300,2100,3.27,65100,67900,65000,349802,23204850500,2648164478700,39942149
069960,현대백화점,84100,700,0.84,83600,84300,83100,87232,7308382100,1968145288100,23402441
004560,현대비앤지스틸,18350,-100,-0.54,18500,18650,18100,105645,1930932400,276696181850,15078811
004565,현대비앤지스틸우,80300,600,0.75,80900,80900,79800,42,3370200,8821115600,109852
004310,현대약품,5860,60,1.03,5830,5890,5780,157722,920408670,187520000000,32000000
322000,현대에너지솔루션,23600,500,2.16,23200,23650,22950,134284,3138394350,264320000000,11200000
017800,현대엘리베이,48150,700,1.48,47450,49000,47300,176251,8469213350,1965251446650,40815191
307950,현대오토에버,112500,-1000,-0.88,113500,113500,110500,62223,6975066500,3085197975000,27423982
011210,현대위아,86200,-2100,-2.38,88000,88500,85500,465834,40277532700,2344216154600,27195083
267260,현대일렉트릭,25300,-350,-1.36,25750,25900,25300,148561,3777642100,911992515500,36047135
004020,현대제철,47250,0,0,47650,48150,47100,480806,22847385100,6305313341250,133445785
329180,현대중공업,105000,3000,2.94,104500,107000,103500,292470,30736243000,9321177180000,88773116
267250,현대중공업지주,64700,400,0.62,64300,65000,64100,125433,8091390100,5110852599500,78993085
005380,현대차,208500,-500,-0.24,210500,211500,208000,530328,110813043500,44549816989500,213668187
005387,현대차2우B,99700,600,0.61,99700,100000,99200,109056,10875611500,3637599464700,36485451
005389,현대차3우B,93600,500,0.54,93800,93800,92700,8154,760385500,227329596000,2428735
005385,현대차우,99900,800,0.81,99800,100500,99200,38489,3840319400,2433232831500,24356685
001500,현대차증권,12700,150,1.2,12550,12750,12500,85814,1083848800,402749537400,31712562
011760,현대코퍼레이션,17800,50,0.28,17800,17850,17700,28013,498291450,235475594800,13228966
227840,현대코퍼레이션홀딩스,12950,200,1.57,12850,12950,12650,27153,348235900,117855826200,9100836
126560,현대퓨처넷,4860,-135,-2.7,5000,5030,4860,977726,4818823200,548580256560,112876596
001450,현대해상,28150,650,2.36,27550,28650,27550,785589,22193049850,2516610000000,89400000
057050,현대홈쇼핑,72100,-200,-0.28,71800,72400,71300,17709,1274165000,865200000000,12000000
093240,형지엘리트,4040,-65,-1.58,4115,4245,3990,626314,2568193175,125865383920,31154798
003010,혜인,5990,100,1.7,5950,6050,5890,72942,435069050,76149354530,12712747
111110,호전실업,15100,700,4.86,14550,15150,14200,107518,1581677100,120800000000,8000000
008770,호텔신라,92800,300,0.32,92900,93300,90200,361644,33512360400,3642225628800,39248121
008775,호텔신라우,91000,800,0.89,92000,92000,90000,7071,643029900,68420989000,751879
002460,화성산업,14000,50,0.36,14150,14150,13750,109379,1527360800,174311200000,12450800
378850,화승알앤에이,5600,-100,-1.75,5700,5770,5600,24509,137844040,106364288800,18993623
241590,화승엔터프라이즈,17550,750,4.46,16850,17550,16700,182766,3150946700,1063017627750,60570805
006060,화승인더,6780,150,2.26,6680,6840,6580,238188,1596678630,375069600000,55320000
013520,화승코퍼레이션,2510,-80,-3.09,2630,2650,2505,464622,1178417755,125628642520,50051252
010690,화신,9660,-840,-8,10500,10550,9600,1850772,18259912640,337331160600,34920410
133820,화인베스틸,3315,-140,-4.05,3455,3455,3315,391890,1327856845,97958250000,29550000
010660,화천기계,2665,65,2.5,2640,2675,2600,77085,202290285,58630000000,22000000
000850,화천기공,36700,300,0.82,36450,36700,36000,3495,127464750,80740000000,2200000
016580,환인제약,18400,100,0.55,18300,18500,18250,23640,434623900,342241288000,18600070
032560,황금에스티,9250,60,0.65,9300,9350,9150,87070,805524150,148000000000,16000000
004800,효성,108000,0,0,108500,109500,107000,51333,5535736500,2275670700000,21071025
094280,효성ITX,19150,100,0.52,19050,19200,19000,9167,174968450,221339530000,11558200
298040,효성중공업,71800,-600,-0.83,72700,73500,71500,44117,3175232100,669502546400,9324548
298050,효성첨단소재,770000,-9000,-1.16,793000,800000,762000,97829,76112138000,3449559960000,4479948
298020,효성티앤씨,620000,-2000,-0.32,627000,630000,607000,30811,18983240000,2683162840000,4327682
298000,효성화학,332000,500,0.15,335500,337500,330000,15900,5295285000,1059121832000,3190126
093370,후성,21650,-550,-2.48,22300,22500,21300,4255660,92286970900,2004937631350,92606819
081660,휠라홀딩스,40500,300,0.75,40250,41250,40050,378904,15303590250,2460464991000,60752222
005870,휴니드,7650,340,4.65,7350,7700,7230,118556,893631430,107987514750,14116015
079980,휴비스,10000,50,0.5,9970,10100,9920,57448,574060170,345000000000,34500000
005010,휴스틸,16450,-150,-0.9,16750,16800,16150,59176,971844600,128928766750,7837615
069260,휴켐스,26800,50,0.19,27050,27050,26550,282166,7561853150,1095546158400,40878588
000540,흥국화재,3800,25,0.66,3790,3850,3755,72049,274784560,244122051000,64242645
000547,흥국화재2우B,27950,100,0.36,27850,28000,27150,867,23892950,4293120000,153600
000545,흥국화재우,8570,60,0.71,8510,8570,8460,1591,13516420,6581760000,768000
003280,흥아해운,4700,735,18.54,4245,4945,4245,50682633,237669284960,1126831984200,239751486
