단축코드,종목명,종가,대비,등락률,시가,고가,저가,거래량,거래대금,시가총액,상장주식수
037730,3R,720,-10,-1.37,720,730,710,1335079,963099040,28020209040,38916957
060310,3S,780,0,0,780,800,760,330397,253455920,9360000000,12000000
036360,3SOFT,1540,-50,-3.14,1520,1590,1470,326965,501137610,8983340520,5833338
039790,AMIC,1420,150,11.81,1270,1420,1260,2525222,3485270410,31240000000,22000000
036820,BET,1830,-70,-3.68,1940,2090,1800,3660677,7210645300,29755219890,16259683
023460,C&H캐피탈,1490,-40,-2.61,1490,1550,1480,124195,185406020,32780000000,22000000
045260,CHK한강,970,20,2.11,940,1010,930,697684,675774550,24176394460,24924118
049370,CJ엔터테인,17250,-200,-1.15,17100,17450,17050,97623,1676954550,263337810000,15265960
051500,CJ푸드시스템,10850,-300,-2.69,11150,11150,10650,24103,260492550,101761065000,9378900
035760,CJ홈쇼핑,61500,-2500,-3.91,63100,63500,61300,97756,6044946200,506998066500,8243871
050470,CMS,830,0,0,820,860,820,363624,302424140,6889000000,8300000
065340,DM테크놀로지,5350,-100,-1.83,5400,5410,5300,75450,402691910,29960000000,5600000
037370,EG,4450,-140,-3.05,4540,4620,4400,119260,531182680,20025000000,4500000
053870,GT&T,1160,-40,-3.33,1130,1220,1120,48952,56695510,4988000000,4300000
060910,I.S하이텍,2450,130,5.6,2290,2500,2280,292994,707363780,25205600000,10288000
038710,ICM,2280,190,9.09,2020,2320,2020,252988,560415060,11400000000,5000000
036670,KCI,1900,-10,-0.52,1910,1920,1870,21091,39977570,11970000000,6300000
054020,KDN스마텍,2750,-50,-1.79,2730,2780,2700,385777,1055896950,36190000000,13160000
046810,KEPS,1280,50,4.07,1210,1340,1210,472171,606851310,8002764800,6252160
060720,KH바텍,53200,-1500,-2.74,53600,54000,52300,94328,4998974700,212800000000,4000000
032390,KTF,24800,-600,-2.36,25100,25150,24600,716741,17766052950,4740284871200,191140519
036030,KTH,10050,-250,-2.43,9960,10400,9900,486625,4904662400,346725000000,34500000
060370,KT서브마린,7900,-100,-1.25,7960,7960,7860,7316,57854390,34602000000,4380000
016990,LG마이크론,57000,1900,3.45,53500,57400,53100,78553,4338081000,330600000000,5800000
032640,LG텔레콤,4190,-30,-0.71,4180,4300,4130,722253,3018623970,1161796621700,277278430
028150,LG홈쇼핑,79900,-2600,-3.15,80800,81500,79200,37461,2992997100,524343750000,6562500
047420,LKFS,780,10,1.3,760,840,760,1147831,906302110,5616000000,7200000
035420,NHN,168500,3500,2.12,161000,171000,160500,306481,51061615500,1263772747500,7500135
046140,SBSi,11950,0,0,11600,12300,11500,422840,5072953350,131810125200,11030136
036540,STS반도체,6340,-180,-2.76,6230,6340,6060,134531,833027830,63941436000,10085400
016600,TG벤처,2150,-30,-1.38,2150,2150,2060,100945,213673790,25800000000,12000000
048770,TPC,1540,-10,-0.65,1500,1560,1490,12352,18646710,6622000000,4300000
032620,UBCARE,1240,0,0,1250,1340,1210,4061196,5176649210,29258587400,23595635
048760,VK,2750,100,3.77,2630,2900,2630,2451933,6809477730,47967114250,17442587
033190,VON,560,-10,-1.75,560,590,560,2294387,1307105290,11169938640,19946319
016170,YBM서울,1320,-20,-1.49,1340,1340,1320,29303,38776570,14335200000,10860000
040300,YTN,1580,10,0.64,1570,1600,1550,499522,788126010,66360000000,42000000
008780,i 인프라,230,0,0,230,240,230,630680,145138960,4508000000,19600000
054150,가드텍,690,-10,-1.43,680,730,680,1440019,1020505250,10826596800,15690720
040610,가로수닷컴,700,-20,-2.78,710,720,700,65772,46408340,7875273000,11250390
026260,가산전자,2100,-120,-5.41,2160,2230,2090,483820,1033021590,11397243900,5427259
042570,가야전자,2450,-30,-1.21,2480,2580,2420,1516467,3801777100,19110000000,7800000
030270,가희,8000,-80,-0.99,8020,8130,8000,37,296850,5280000000,660000
035250,강원랜드,136500,-2500,-1.8,138000,138500,135500,115370,15753462500,2730000000000,20000000
056000,거원시스템,14550,1550,11.92,13000,14550,13000,144,2093650,77697000000,5340000
039240,경남스틸,2250,-50,-2.17,2290,2290,2210,86732,193880430,11250000000,5000000
011040,경동제약,7770,120,1.57,7660,7770,7630,30447,234778810,46620000000,6000000
050120,경조산업,1050,-10,-0.94,1050,1100,1030,131603,139521360,4335450000,4129000
024910,경창산업,1410,30,2.17,1360,1410,1350,12807,17810280,16863600000,11960000
025880,경축,10900,-250,-2.24,10850,11100,10850,1702,18688500,8066000000,740000
049720,고려신용정보,2660,-50,-1.85,2660,2800,2610,18488,49388810,3803800000,1430000
027440,고려전기,260,10,4,250,270,250,1552234,400734810,6300508240,24232724
014570,고려제약,13100,-200,-1.5,13750,14800,12850,360952,5095808600,14410000000,1100000
014200,광림,2320,40,1.75,2370,2370,2270,1417,3226600,14113921840,6083587
026910,광진실업,11550,150,1.32,11250,11550,11050,277,3134500,6930000000,600000
053270,구영테크,2450,0,0,2400,2450,2360,126499,305070150,14210000000,5800000
031150,국민카드,18000,-50,-0.28,17600,18250,17300,516490,9155157050,1317600000000,73200000
066620,국보디자인,5460,-190,-3.36,5630,5630,5420,51569,283107640,31668000000,5800000
043650,국순당,32900,450,1.39,32100,33800,32100,14850,492043100,284996250000,8662500
006050,국영지앤엠,1270,40,3.25,1200,1270,1200,374206,465157300,8208772000,6463600
007720,국제건설,340,0,0,340,350,330,634282,215540380,13181395400,38768810
053740,국제엘렉트릭,10500,-500,-4.55,10550,10750,10250,139040,1461938050,86205000000,8210000
028300,국제정공,170,10,6.25,160,170,160,4533397,765537320,5331152400,31359720
028305,국제정공우,260,20,8.33,230,260,230,557634,140184110,1040000000,4000000
023670,국제통신,650,-10,-1.52,660,670,640,53791,35213980,3900000000,6000000
037510,굿라이프10-MF,5100,-100,-1.92,0,0,0,0,0,3829080000,750800
037500,굿라이프5MF,4950,0,0,0,0,0,0,0,9246600000,1868000
019010,그랜드백화점,3840,140,3.78,4030,4030,3700,1419,5517510,18508800000,4820000
070080,그로웰메탈,3900,50,1.3,3830,4010,3830,633175,2487524590,47477703000,12173770
009220,그로웰전자,2010,40,2.03,1940,2120,1940,582955,1185926630,23167955460,11526346
035780,그로웰텔레콤,600,-20,-3.23,610,660,590,6833652,4293504180,26459160000,44098600
021320,금강종합건설,10650,-100,-0.93,10550,10650,10500,17226,182280100,61770000000,5800000
053260,금강철강,1120,-10,-0.88,1080,1130,1080,70473,77556200,20966400000,18720000
036090,금호미터텍,870,-10,-1.14,900,900,860,437769,384725330,8497707600,9767480
036190,금화피에스시,1960,0,0,1970,2100,1900,3334,6557940,11760000000,6000000
064720,기가텔레콤,3160,-210,-6.23,3220,3310,3100,528219,1681553100,35550000000,11250000
004790,기륭전자,1220,60,5.17,1200,1280,1170,3296031,4025207140,28681100780,23509099
035460,기산텔레콤,1680,-50,-2.89,1660,1710,1650,157200,263048040,23718240000,14118000
024110,기업은행,5350,-90,-1.65,5340,5360,5320,406900,2172079550,1620790979750,302951585
051490,나라엠앤디,2170,-40,-1.81,2210,2230,2100,207214,448392630,31378200000,14460000
065910,나래시스템,1700,30,1.8,1690,1700,1640,92365,154724430,7531000000,4430000
036850,나리지*온,1850,50,2.78,1750,1870,1710,455806,813926070,33508125000,18112500
036800,나이스,1550,30,1.97,1520,1550,1490,93942,142303140,15500000000,10000000
033220,남성알미늄,28850,50,0.17,28900,29200,27050,65,1826850,6924000000,240000
032800,네모,800,-20,-2.44,800,850,800,728175,598702100,11794176000,14742720
037540,네스테크,700,-20,-2.78,700,720,700,21763,15328130,7949488400,11356412
042510,네오웨이브,1210,70,6.14,1140,1230,1140,373162,447132790,15730000000,13000000
042420,네오위즈,76100,8100,11.91,66200,76100,65400,1336334,97330075200,581458792000,7640720
017680,네티션닷컴,41900,1500,3.71,39850,41900,38850,13012,520480350,35196000000,840000
033430,넥사이언,2750,-140,-4.84,2770,2880,2750,1287502,3581649940,104724400000,38081600
038990,넥스콘테크,2150,0,0,2150,2190,2020,531434,1111312720,19163536950,8913273
037220,넥스텔,960,-60,-5.88,970,1030,960,930747,922192950,11534861760,12015481
033280,넷시큐어테크,850,-40,-4.49,870,890,840,849070,726054960,11854541150,13946519
047730,넷웨이브,2080,-110,-5.02,2130,2150,2010,92299,191032360,7596160000,3652000
037010,넷컴스토리지,560,30,5.66,530,560,530,1573363,860605490,8779876000,15678350
054050,농우바이오,3490,-110,-3.06,3540,3580,3430,220471,771355740,49907000000,14300000
040160,누리텔레콤,5180,90,1.77,5000,5190,4920,8362,42973740,23310000000,4500000
025690,뉴런네트,200,0,0,200,210,190,1468707,293893700,6800000000,34000000
060260,뉴보텍,3200,90,2.89,3020,3460,3020,87060,288369290,12672000000,3960000
060300,뉴소프트기술,3850,70,1.85,4020,4230,3850,236606,965533370,20655250000,5365000
012340,뉴인텍,690,0,0,700,710,680,20118,13931690,5340600000,7740000
049180,뉴테크맨,1510,-60,-3.82,1600,1610,1500,170855,260123650,10872000000,7200000
053290,능률영어사,4000,-80,-1.96,4000,4260,4000,305114,1247310610,18852000000,4713000
023430,니트젠테크,1700,-30,-1.73,1730,1740,1690,231845,395958000,19194314100,11290773
039560,다산네트웍스,14250,1500,11.76,12500,14250,12500,911853,12566407700,91499335500,6421006
043710,다스텍,1420,-30,-2.07,1480,1550,1380,1487815,2179520190,10792000000,7600000
032190,다우데이타,620,20,3.33,590,620,590,311909,190644460,13782600000,22230000
035720,다음,73000,1500,2.1,68900,73900,68100,1558426,111639811700,1052886081000,14423097
040670,단암전자통신,1310,-90,-6.43,1340,1360,1280,292108,384588650,25872500000,19750000
037640,대경테크노스,4990,230,4.83,5200,5200,4660,7429,36720860,3792400000,760000
020400,대동금속,6250,-80,-1.26,6200,6320,5670,3964,23844850,3000000000,480000
008830,대동기어,6580,60,0.92,6350,6740,6350,15901,102744370,4224136280,641966
048470,대동스틸,1420,-30,-2.07,1440,1450,1400,54440,77349810,14200000000,10000000
004780,대륙제관,5280,140,2.72,5290,5300,5180,1357,7175300,6336000000,1200000
017650,대림제지,1080,60,5.88,1010,1140,1000,26664,28097820,9720000000,9000000
027700,대백쇼핑,3350,50,1.52,3150,3350,3150,44363,146151570,8375000000,2500000
036490,대백신소재,7800,-30,-0.38,7870,7870,7540,74305,577174860,50193000000,6435000
026970,대백저축은행,3200,-140,-4.19,3500,3500,3200,703,2253350,5120000000,1600000
031990,대선조선,16350,-50,-0.3,16600,16600,16350,35,579450,8273100000,506000
036480,대성미생물,27200,-100,-0.37,26900,27300,26750,1804,48551750,10336000000,380000
025440,대성엘텍,1160,-10,-0.85,1180,1180,1150,34110,39600870,20839246880,17964868
019570,대신개발금융,2170,20,0.93,2060,2190,2060,6040,12678140,11284000000,5200000
020180,대신정보통신,420,20,5,400,420,400,1070887,439569040,16140144300,38428915
000380,대아건설,2990,0,0,2970,3000,2960,27642,82405570,33787000000,11300000
033030,대양이앤씨,6200,190,3.16,5900,6200,5900,13709,83186730,174678880600,28174013
006580,대양제지,5650,0,0,5690,5700,5560,1746,9795260,15170250000,2685000
038810,대영에이브이,4730,-120,-2.47,4750,4840,4600,92372,435284070,20232083080,4277396
016890,대웅화학,3080,90,3.01,2970,3080,2940,30342,91440350,13090000000,4250000
028040,대원SCN,720,30,4.35,680,760,680,1221813,881539380,23326307280,32397649
005710,대원산업,25400,400,1.6,24400,25400,24400,764,18915200,30480000000,1200000
060280,대원씨아이,2810,10,0.36,2700,3030,2690,123283,353396530,12645000000,4500000
048910,대원씨앤에이,8800,80,0.92,8750,9100,8720,206098,1827844340,49808000000,5660000
003310,대주산업,2580,-40,-1.53,2540,2680,2540,23428,60208360,9647226300,3739235
065500,대진공업,1570,60,3.97,1480,1620,1480,414286,648202250,9975827100,6354030
065690,대진디엠피,8000,-150,-1.84,7860,8270,7860,62336,501002720,46800000000,5850000
054670,대한뉴팜,2080,110,5.58,2000,2120,2000,210182,434213010,14976000000,7200000
041500,대한바이오,1810,-110,-5.73,1850,1890,1800,1360086,2491104210,22403903070,12377847
023910,대한약품,2670,110,4.3,2560,2730,2520,49090,127771270,16020000000,6000000
026230,대현테크,630,20,3.28,600,630,600,74395,45701040,11793600000,18720000
067080,대화제약,1820,80,4.6,1740,1880,1740,313551,570819870,19765200000,10860000
037250,대흥멀티통신,960,0,0,940,990,940,1022564,978184510,21211089600,22094885
045380,더존디지털,12000,-500,-4,12600,12600,11500,123759,1496494000,51765168000,4313764
060410,데이타게이트,1130,-70,-5.83,1150,1250,1120,729890,859632230,6463600000,5720000
013650,데코,2020,10,0.5,2010,2030,1970,110961,221821910,12905697180,6388959
053070,덱트론,1550,-140,-8.28,1620,1670,1490,503564,787198400,7843000000,5060000
047060,덴소풍성,7090,-50,-0.7,7000,7190,6850,31909,224527090,98271214420,13860538
039850,델타정보통신,1280,70,5.79,1230,1280,1190,329140,407713530,9395508480,7340241
027710,도드람B&F,1030,0,0,1030,1040,1020,7929,8163210,31846365030,30918801
036180,도원텔레콤,560,50,9.8,520,570,510,7314400,4046419140,11861309040,21180909
005160,동국산업,1020,80,8.51,930,1050,920,462740,458998660,23460000000,23000000
042940,동문정보,520,0,0,520,520,500,110930,56651340,9064288480,17431324
042945,동문정보우,340,-10,-2.86,380,380,330,7993,2745690,1156000000,3400000
007390,동보중공업,640,-10,-1.54,640,650,630,48232,30810110,6876576000,10744650
044640,동부정보기술,1150,-20,-1.71,1170,1170,1110,73588,83240340,6900000000,6000000
031960,동산진흥,9500,-500,-5,9520,11200,9500,3809,39252940,6650000000,700000
026960,동서,9500,-340,-3.46,9810,9900,9500,41951,405526600,283100000000,29800000
055000,동서정보기술,2280,180,8.57,2110,2350,2110,319839,728658100,12312000000,5400000
025950,동신건설,22450,750,3.46,21700,23050,21050,302,6618550,6286000000,280000
009730,동신에스엔티,690,20,2.99,670,710,660,2225926,1540109590,19920567720,28870388
041930,동아화성,1170,120,11.43,1030,1170,1030,155339,176390350,9828000000,8400000
023020,동양매직,1560,-30,-1.89,1550,1600,1550,20115,31504250,13104000000,8400000
030790,동양시스템즈,6900,-110,-1.57,7090,7090,6760,16178,111118480,18768000000,2720000
060380,동양에스텍,1530,10,0.66,1500,1530,1480,210101,314878030,10939500000,7150000
056340,동양크레디텍,5900,-10,-0.17,5940,5940,5780,19619,115240750,28320000000,4800000
007150,동양텔레콤,1110,0,0,1100,1140,1090,25245,27901040,8547000000,7700000
048640,동우에이엘티,6350,-310,-4.65,6350,6600,6200,3092,19622820,5842000000,920000
013120,동원개발,2520,10,0.4,2510,2520,2490,1608,4045920,22883641200,9080810
019560,동원창투,760,-70,-8.43,800,810,760,1158017,904182650,38532000000,50700000
032960,동일기연,2150,-100,-4.44,2200,2200,2100,9860,21311270,14620000000,6800000
023790,동일철강,32500,500,1.56,32500,32500,32500,5,162500,2925000000,90000
005290,동진쎄미켐,2740,-20,-0.72,2690,2740,2580,945473,2531057430,103024000000,37600000
054250,동진에코텍,1870,-60,-3.11,1840,1930,1840,19888,37010720,10843707380,5798774
025900,동화기업,2960,0,0,2920,3000,2920,4779,14091620,59542276640,20115634
053170,두리정보통신,2300,100,4.55,2200,2450,2200,210175,487859800,7590000000,3300000
033330,두림티앤씨,630,10,1.61,620,630,600,9556,5889660,6552000000,10400000
032590,두일통신,12400,200,1.64,13200,13650,12400,88164,1163730750,10664000000,860000
035430,드림라인,1260,-80,-5.97,1300,1320,1250,491390,629881480,29767500000,23625000
052310,드림원,1130,10,0.89,1070,1160,1070,163361,183863590,4859000000,4300000
046390,디날리아이티,1850,-60,-3.14,1870,1900,1780,126485,231310980,9972060550,5390303
046400,디브이에스,1150,-40,-3.36,1180,1190,1150,764201,891646050,24124802350,20978089
066670,디스플레이텍,7350,620,9.21,6600,7470,6480,2290726,16184123750,63577500000,8650000
034750,디씨씨,1060,10,0.95,1040,1070,1040,44675,46770330,18682500000,17625000
039840,디에스아이,1210,-30,-2.42,1210,1250,1190,233850,284213860,10537742380,8708878
065270,디엠티,6520,-880,-11.89,7220,7390,6520,51162,349607720,27253600000,4180000
044180,디와이,1750,-40,-2.23,1780,1780,1730,73327,128574730,17850000000,10200000
053200,디이시스,1300,0,0,1250,1350,1250,17185,21707420,5980000000,4600000
043360,디지아이,12750,-250,-1.92,12850,12900,12450,137377,1739397100,94350000000,7400000
060240,디지탈온넷,2730,-50,-1.8,2720,2760,2660,48153,130864540,23205000000,8500000
045970,디지탈캠프,1380,-10,-0.72,1410,1410,1360,80516,111895520,16952320200,12284290
046320,디지탈퍼스트,1050,-50,-4.55,1090,1100,1030,229228,243137470,13839000000,13180000
038340,디지털텍,3730,-120,-3.12,3850,4070,3680,813777,3124320270,31973560000,8572000
033130,디지틀조선,1460,-10,-0.68,1440,1460,1430,1020352,1473890970,54188289820,37115267
036170,라셈텍,960,-30,-3.03,950,990,950,613486,591487160,10536000000,10975000
047440,레이젠,6180,-110,-1.75,6130,6300,6020,950105,5853713440,67797263580,10970431
065170,렉스진바이오,8060,-130,-1.59,8060,8300,7840,297324,2393063510,48811360000,6056000
026040,로만손,1250,-40,-3.1,1260,1290,1230,45223,56492510,12500000000,10000000
043220,로이트,610,0,0,610,630,590,2119686,1303595540,13769369570,22572737
014190,로지트,1490,-10,-0.67,1470,1490,1460,1846,2707140,18145032260,12177874
034600,로커스,5550,-150,-2.63,5600,5660,5490,536614,2981128440,76764947100,13831522
044370,로토토,2400,-70,-2.83,2390,2460,2360,1583717,3805043860,33830745600,14096144
051170,루보,1120,-40,-3.45,1160,1190,1120,93714,106875330,7728000000,6900000
067130,룸앤데코,2850,180,6.74,2610,2850,2360,54143,147063220,14536903800,5100668
058470,리노공업,8290,440,5.61,7750,8290,7720,431556,3481421240,60458970000,7293000
056140,리더컴,180,0,0,0,0,0,0,0,6039216000,33551200
012700,리드코프,7230,330,4.78,6900,7640,6870,2795488,20551231740,91065956640,12595568
042500,링네트,1760,-30,-1.68,1760,1830,1720,322390,569456920,10912000000,6200000
038920,링크웨어,3150,0,0,3150,3200,3110,12503,39406300,17139883950,5441233
032860,마담포라,15400,450,3.01,14650,16100,14650,30067,466663050,9288540800,603152
045400,마스타테크론,1220,130,11.93,1090,1220,1090,286168,336548440,7076000000,5800000
038290,마크로젠,12000,100,0.84,11750,12150,11750,99895,1193452650,55084800000,4590400
005990,매일유업,3660,0,0,3620,3660,3600,103166,374012360,49044000000,13400000
036880,맥시스템,450,0,0,450,460,440,934809,420873750,9987350400,22194112
056200,메디오피아,760,0,0,730,800,710,690394,516671270,6840000000,9000000
065650,명진아트,2160,-120,-5.26,2230,2340,2160,15575,34725000,5616000000,2600000
028090,명화네트,8270,170,2.1,7990,8270,7980,181,1461970,4300400000,520000
048150,모닷텔,1550,-130,-7.74,1690,1720,1500,542321,846646100,14260000000,9200000
046000,모디아,5310,160,3.11,5100,5480,5100,1871013,9991429000,40430531160,7614036
036610,모바일원,770,20,2.67,730,790,730,2100663,1602798460,21350601580,27728054
051810,모보아이피씨,2030,-30,-1.46,2030,2090,2010,45778,93178980,14007000000,6900000
036600,모션헤즈,1350,-80,-5.59,1410,1440,1350,912027,1266062060,33999750000,25185000
033200,모아텍,12500,-350,-2.72,12500,12650,12300,75146,936648350,124320000000,9945600
006920,모헨즈,690,-60,-8,710,730,690,631034,442091440,5796000000,8400000
001810,무림제지,8430,80,0.96,8350,8450,8300,4315,35994680,16965375000,2012500
033920,무학,3080,40,1.32,3120,3200,2980,579387,1793133450,77000000000,25000000
034510,무한투자,2380,-40,-1.65,2300,2460,2300,355273,851909640,13879074720,5831544
038390,미디어솔루션,5450,-190,-3.37,5540,5540,5310,20832,112013140,16777132850,3078373
052540,미래셀렉티브MF,5050,0,0,0,0,0,0,0,113547467350,22484647
067700,미래오리엔탈-MF,4560,0,0,0,0,0,0,0,23164800000,5080000
042950,미래코리아1MF,3870,-80,-2.03,3950,3950,3870,1021,4022570,25702218000,6641400
018890,미르피아,790,20,2.6,760,800,740,4010824,3083966960,25240940030,31950557
002670,미주제강,2330,0,0,0,0,0,0,0,16193966000,6950200
025980,미창,1670,-100,-5.65,1700,1720,1640,116440,195796050,7014000000,4200000
018700,바른손,680,0,0,670,690,670,4277146,2892594910,33951943040,49929328
064520,바른전자,3130,-50,-1.57,3200,3220,3130,115981,366772880,18053840000,5768000
053030,바이넥스,4700,270,6.09,4440,4880,4400,146477,686918390,22090000000,4700000
027830,바이넥스트,540,-20,-3.57,550,560,520,70563,38438650,21600000000,40000000
052260,바이오랜드,3500,-100,-2.78,3500,3650,3500,112972,402037950,22400000000,6400000
053110,바이오메디아,1070,0,0,1060,1100,1050,59821,64146090,6351473990,5935957
041830,바이오스페이,6440,40,0.63,6030,6450,6000,89267,551897210,36708000000,5700000
035960,바이오시스,830,10,1.22,810,850,790,1678289,1384065340,15609312000,18806400
038720,반도체ENG,5750,-120,-2.04,5620,5770,5530,223694,1258652060,32098512500,5582350
036260,반포텍,2500,-80,-3.1,2500,2570,2490,7097,17808870,6312500000,2525000
046310,백금정보통신,3380,-140,-3.98,3500,3500,3300,139741,470914940,23457200000,6940000
066110,백산OPC,9920,150,1.54,9670,10150,9650,266491,2658277200,151776000000,15300000
036620,버추얼텍,4260,-170,-3.84,4350,4460,4230,406832,1745035070,51328654800,12048980
002480,범양사,7800,50,0.65,7890,7890,7600,105,799270,5092713600,652912
037630,벤트리,2080,-60,-2.8,2110,2200,2080,1477147,3142097530,49985960960,24031712
053470,벨코정보통신,1270,-170,-11.81,1360,1380,1270,1136672,1466585510,7926360830,6241229
014100,보령메디앙스,1340,-80,-5.63,1410,1410,1310,30678,41255540,12328000000,9200000
006910,보성파워텍,560,0,0,560,570,550,39227,21966050,7862400000,14040000
060230,보이스웨어,4080,280,7.37,3780,4150,3680,913926,3644351030,31334400000,7680000
030950,보진재,7230,-280,-3.73,7290,7600,7100,23647,171193610,7808400000,1080000
048550,볼빅,1460,0,0,1460,1460,1420,223179,321733440,14191200000,9720000
026940,부국철강,10450,0,0,10250,10500,10250,1886,19479000,12958000000,1240000
014470,부방테크론,4140,180,4.55,3900,4150,3900,30,118780,5547600000,1340000
025270,부산방직,5910,-230,-3.75,6400,6400,5900,2479,15463790,4728000000,800000
007830,부산저축은행,10850,150,1.4,10500,11450,10450,712,7618200,47015220000,4333200
019430,부산창업투자,830,-10,-1.19,800,910,760,3093724,2593426150,16600000000,20000000
049690,브레인컨설팅,1580,-40,-2.47,1570,1600,1570,16161,25617620,6794000000,4300000
043610,블루코드,2330,20,0.87,2260,2350,2260,34496,79838610,11650000000,5000000
053590,비젼텔레콤,700,-30,-4.11,720,740,670,4142235,2918569510,24634397200,35191996
053595,비젼텔레콤우,370,-20,-5.13,390,390,360,567772,213469220,4292000000,11600000
054220,비츠로시스,2310,-20,-0.86,2300,2330,2300,19235,44431990,18480000000,8000000
042370,비츠로테크,2090,-80,-3.69,2120,2140,2040,181921,378138040,18287500000,8750000
032850,비트컴퓨터,1580,-20,-1.25,1580,1610,1570,61765,97863510,20807993280,13169616
032680,비티씨정보,1170,10,0.86,1130,1200,1130,5548444,6472911130,66840979140,57129042
032685,비티씨정보우,1570,-40,-2.48,1650,1650,1540,2878,4507110,1570000000,1000000
065450,빅텍,4170,50,1.21,4090,4240,4070,103834,433097600,18348000000,4400000
040020,사라콤,2410,-20,-0.82,2400,2480,2380,15615,37729660,13978000000,5800000
052560,사이어스,2770,290,11.69,2400,2770,2400,399605,1067797820,9411008520,3397476
016100,산성피앤씨,1160,-10,-0.85,1210,1210,1150,14414,16945490,4477600000,3860000
014970,삼륭물산,7040,410,6.18,6930,7100,6670,55,374010,7128000000,1012500
018310,삼목정공,1250,0,0,1230,1270,1220,11204,13770160,12250000000,9800000
016670,삼미정보,790,30,3.95,750,790,740,50311,38841500,4503000000,5700000
009620,삼보산업,106000,1000,0.95,106000,106000,106000,9,954000,14840000000,140000
035400,삼보정보통신,250,0,0,240,260,240,836748,208157720,14437225000,57748900
023600,삼보판지,9900,50,0.51,9850,10100,9800,1228,12095800,13860000000,1400000
009300,삼아약품,4700,30,0.64,4600,4700,4600,9563,44698800,29375000000,6250000
054540,삼영엠텍,500,10,2.04,490,500,490,95785,47243570,5500000000,11000000
065570,삼영이엔씨,2860,-40,-1.38,2830,2890,2790,81914,232183170,22880000000,8000000
023810,삼영케불,1550,20,1.31,1510,1550,1510,20823,31883140,10137000000,6540000
019120,삼우,1650,50,3.13,1630,1670,1600,8131,13260140,9966000000,6040000
026250,삼우이엠씨,2620,-20,-0.76,2540,2630,2500,232539,596974930,38814776000,14814800
031860,삼우통신공업,1150,10,0.88,1120,1160,1120,84819,96127780,13800000000,12000000
037760,삼원정밀금속,480,0,0,480,490,470,146818,70490420,11136000000,23200000
032280,삼일,1600,10,0.63,1610,1690,1580,45545,74025930,13722048000,8576280
002290,삼일기업공사,5280,-60,-1.12,5300,5350,5210,7024,36855990,6547200000,1240000
041310,삼일인포마인,2740,-50,-1.79,2740,2790,2700,1324,3613750,15300510720,5584128
009520,삼정피앤에이,6810,70,1.04,6760,6810,6700,1841,12441970,20430000000,3000000
037460,삼지전자,1560,-40,-2.5,1570,1590,1550,21450,33613850,19500000000,12500000
032750,삼진,6200,170,2.82,6260,6280,6050,2044,12426330,3720000000,600000
000250,삼천당제약,2120,130,6.53,2010,2160,1960,649179,1354805000,42400000000,20000000
024950,삼천리자전,1250,-10,-0.79,1270,1270,1240,163085,204822140,12500000000,10000000
031330,삼테크,3970,30,0.76,3900,4050,3830,472476,1867711560,39700000000,10000000
017480,삼현철강,1540,40,2.67,1540,1540,1500,8525,12817240,12091225300,7851445
010960,삼호개발,680,-10,-1.45,670,690,650,435187,289670160,9724000000,14300000
033210,삼화기연,1000,30,3.09,950,1060,950,256688,261143110,5000000000,5000000
041650,상신브레이크,1540,30,1.99,1500,1550,1470,112410,169021080,23123100000,15015000
042600,새로닉스,1200,0,0,1230,1230,1200,134851,163056280,14400000000,12000000
035610,새롬기술,9170,-60,-0.65,9020,9470,8830,6915209,63406586750,332153154060,36221718
065620,샤인,860,-20,-2.27,870,870,840,43148,36884300,9890000000,11500000
066300,샤인시스템,1670,-30,-1.76,1670,1710,1630,128084,212069600,24048000000,14400000
038530,서두인칩,1500,100,7.14,1390,1530,1380,454163,671275920,18000000000,12000000
006730,서부트럭터미,11250,-650,-5.46,11900,12250,11250,1883,21916850,16098750000,1431000
046890,서울반도체,16650,-650,-3.76,17000,17500,16500,340497,5765403950,190286190000,11428600
031950,서울시스템,510,10,2,490,530,490,3496487,1796071560,14199080850,27841335
036120,서울신용평가,890,10,1.14,850,890,850,16407,14362950,15575000000,17500000
031390,서울이동통신,140,0,0,0,0,0,0,0,14581011200,104150080
032980,서울일렉트론,620,-30,-4.62,640,640,620,732324,460399290,12078667640,19481722
027040,서울전자통신,1250,-20,-1.57,1260,1300,1230,16491,20663130,3160782500,2528626
018680,서울제약,2920,-40,-1.35,2970,3050,2810,53973,156895960,9125000000,3125000
016140,서주관광개발,31100,150,0.48,31000,31100,31000,640,19861900,15550000000,500000
011370,서한,470,-30,-6,500,520,470,19281624,9462372370,41788106550,88910865
065710,서호전기,1900,-60,-3.06,2000,2020,1810,70040,134039810,9785000000,5150000
033790,서화정보통신,1660,-60,-3.49,1760,1760,1650,112352,188141840,14350700000,8645000
035890,서희건설,590,-10,-1.67,600,610,590,192672,115578190,10738000000,18200000
003100,선광,3210,60,1.9,3170,3220,3070,3402,10725240,21186000000,6600000
064090,선광전자,2810,10,0.36,2750,2830,2720,25439,70370990,11942500000,4250000
050110,선양테크,960,0,0,970,970,940,39354,37646450,8064000000,8400000
066430,선우엔터테인,3570,150,4.39,3330,3830,3330,473831,1770865330,26062113840,7300312
014620,성광벤드,860,-10,-1.15,880,880,850,40255,34282240,24596000000,28600000
041140,성광엔비텍,1900,40,2.15,1860,1900,1800,316249,581819060,11956700000,6293000
037350,성도이엔지,1530,-30,-1.92,1510,1540,1500,122887,186040160,22950000000,15000000
045300,성우테크론,1570,40,2.61,1530,1670,1520,146791,231289320,9106000000,5800000
015750,성우하이텍,1140,-10,-0.87,1100,1150,1100,24383,27398150,27360000000,24000000
015200,성원파이프,1440,-10,-0.69,1420,1490,1420,20946,30304890,8640000000,6000000
026220,성진네텍,660,0,0,670,680,660,140886,94170420,4976033040,7539444
037650,성진산업,1040,0,0,1020,1040,1020,26657,27281380,9398188800,9036720
043260,성호전자,1200,10,0.84,1160,1210,1150,132317,154950160,17160000000,14300000
053320,세고,2300,20,0.88,2200,2300,2200,24208,54342280,8050000000,3500000
024940,세광알미늄,5500,-100,-1.79,5590,5590,5500,40,220090,5500000000,1000000
035450,세넥스테크,680,-20,-2.86,680,740,640,2257595,1583259810,15022470920,22091869
053060,세동,1260,-40,-3.08,1310,1330,1200,68126,87001320,7713972000,6122200
048430,세림테크,1480,50,3.5,1430,1480,1380,37311,53127700,10656000000,7200000
017510,세명전기,990,-30,-2.94,980,1030,980,33808,33867330,15093540000,15246000
011560,세보엠이씨,1350,80,6.3,1290,1420,1250,929348,1286206170,7290000000,5400000
033020,세아메탈,690,0,0,650,710,650,5518,3683220,9770400000,14160000
053810,세안아이티,3690,390,11.82,3300,3690,3300,76852,272146430,14760000000,4000000
024830,세원물산,1430,10,0.7,1430,1460,1390,64936,91887130,11940500000,8350000
036910,세원텔레콤,1090,60,5.83,1040,1090,1040,4344028,4629080530,45468830070,41714523
034660,세인전자,940,-20,-2.08,920,940,900,97380,89286160,6861646560,7299624
039310,세중나모,4800,-30,-0.62,4710,4820,4710,51292,244869340,24960000000,5200000
053450,세코닉스,16150,950,6.25,15150,16400,14800,394433,6226761550,90569458400,5608016
009010,세화,5610,0,0,5520,5610,5330,9381,51361620,12919302660,2302906
035010,소예,2540,-30,-1.17,2650,2650,2530,33688,86797560,25400000000,10000000
065440,소프텔,5660,-130,-2.25,5710,5840,5610,294148,1675990020,34129800000,6030000
037320,소프트랜드,1910,90,4.95,1820,1930,1820,415854,786779720,9066284860,4746746
052190,소프트맥스,7310,-140,-1.88,7260,7400,7260,130691,955742100,43860000000,6000000
054920,소프트포럼,4130,-20,-0.48,4090,4200,3900,461032,1865077850,33122600000,8020000
043100,솔고바이오,4530,-120,-2.58,4600,4610,4430,489833,2208215550,67655550000,14935000
044440,솔빛미디어,600,10,1.69,580,610,580,63263,37654200,8400000000,14000000
053040,솔빛텔레콤,1050,110,11.7,950,1050,940,175728,181267400,4200000000,4000000
056500,슈마일렉트론,1870,0,0,1830,1900,1800,126297,232657850,8228000000,4400000
017050,스타맥스,1620,-110,-6.36,1690,1730,1620,14049136,23422692820,61646153220,38053181
013810,스페코,1130,40,3.67,1070,1160,1070,573549,641006900,17085600000,15120000
049830,승일제관,3260,-20,-0.61,3210,3340,3210,7721,25267500,11214400000,3440000
020710,시공테크,2490,20,0.81,2430,2550,2430,716258,1782218270,48912364800,19643520
050600,시그마컴,830,40,5.06,790,870,760,669487,551252010,8077282780,9731666
052970,시그엔,1310,-20,-1.5,1390,1480,1210,1314680,1816019330,7414600000,5660000
060250,시스네트,1310,-30,-2.24,1320,1370,1280,44175,57591690,7860000000,6000000
066330,시큐리티KOR,680,0,0,670,700,660,530133,364161560,6800000000,10000000
037060,시큐어소프트,2020,-80,-3.81,2070,2070,2020,486035,990557450,20627593600,10211680
001000,신라섬유,3580,-170,-4.53,3830,4000,3560,75656,287698120,10740000000,3000000
025870,신라수산,1850,30,1.65,1800,1850,1770,27922,50212970,7400000000,4000000
031920,신민저축은행,5490,40,0.73,5490,5490,5400,202,1090980,6588000000,1200000
021880,신보캐피탈,1520,-20,-1.3,1470,1540,1470,13711,20483160,12614505840,8299017
035510,신세계I&C,24000,-250,-1.03,24200,24600,24000,2961,71615400,41280000000,1720000
031440,신세계푸드,31800,-200,-0.63,31950,31950,31200,2052,64716650,109029480000,3428600
025320,신양피앤피,1750,-50,-2.78,1800,1800,1690,15849,27378670,8750000000,5000000
019590,신영기술금융,2840,50,1.79,2930,2930,2830,2202,6252820,6560400000,2310000
054370,신영텔레콤,880,40,4.76,830,880,790,3198004,2662968670,18557342320,21087889
017000,신원종합개발,1510,-40,-2.58,1530,1550,1500,184454,278361210,16002865240,10597924
012790,신일제약,1520,10,0.66,1510,1530,1450,223892,334096120,12008000000,7900000
012860,신창전기,1260,130,11.5,1190,1260,1150,146338,183401990,19114200000,15170000
032040,신천개발,810,-10,-1.22,820,830,800,96396,78193260,12960000000,16000000
054530,신한SIT,9120,120,1.33,8990,9250,8950,55815,505773720,41090834880,4505574
056700,신화인터텍,2070,220,11.89,1850,2070,1830,349269,687036490,14800500000,7150000
054650,신화정보,6400,80,1.27,6100,6490,5900,74208,457548050,20070400000,3136000
047600,실리콘테크,1130,-10,-0.88,1120,1130,1100,640320,714328780,15038990330,13308841
036710,심텍,3110,-50,-1.58,3080,3140,2980,846048,2587377320,84592000000,27200000
037240,싸이버텍,2470,-70,-2.76,2600,2640,2420,8663103,21819870060,54340000000,22000000
033260,쌈지,1470,-20,-1.34,1490,1530,1470,111953,166393890,20515738950,13956285
012650,쌍용건설,2490,20,0.81,2460,2490,2460,39867,98364220,68683776540,27583846
012655,쌍용건설우,596000,0,0,0,0,0,0,0,272370212000,456997
010280,쌍용정보통신,2050,10,0.49,2010,2090,2010,132700,272224730,55350000000,27000000
023770,써니YNK,3900,30,0.78,3720,4050,3590,4129004,15658576520,78267567300,20068607
060670,썬코리아전자,2900,40,1.4,2760,2940,2760,318792,911581890,17400000000,6000000
053050,썬텍,1740,50,2.96,1660,1860,1660,710380,1266154080,6960000000,4000000
056020,썸텍,12700,-1600,-11.19,13300,13800,12600,81984,1060881900,36081474700,2841061
041550,쎄라텍,4380,230,5.54,4090,4380,4080,282211,1199983290,50370000000,11500000
049960,쎌바이오텍,6670,370,5.87,6220,6840,5950,546482,3537989340,48024000000,7200000
067290,쓰리쎄븐,5100,-100,-1.92,5250,5250,5070,6817,34982540,22440000000,4400000
032580,씨.엔.아이,590,-10,-1.67,590,610,590,231703,137964840,13334479670,22600813
037600,씨모스,690,0,0,0,0,0,0,0,8477487660,12286214
066790,씨씨에스,8650,400,4.85,8300,8870,8070,205747,1751235810,40724200000,4708000
038880,씨앤에스,1610,50,3.21,1550,1640,1550,406437,652267310,23418255000,14545500
035710,씨앤텔,380,0,0,380,390,370,539536,205108670,11153125020,29350329
038420,씨엔씨엔터,5500,-170,-3,5780,5850,5320,5029532,27946634360,96525000000,17550000
054180,씨오텍,2590,20,0.78,2550,2590,2460,333626,839073280,15954400000,6160000
052640,씨큐리콥,4840,-650,-11.84,5520,6020,4840,3733717,20398149020,39325000000,8125000
060590,씨티씨바이오,5100,200,4.08,4800,5100,4600,280062,1347526960,19911420000,3904200
013990,아가방,21450,350,1.66,20800,21450,20800,15442,326874200,60060000000,2800000
050320,아남정보기술,1570,40,2.61,1550,1670,1480,708314,1111156190,8972550000,5715000
035900,아라리온,650,-30,-4.41,670,690,650,611561,409668460,9756994650,15010761
036010,아비코전자,1970,100,5.35,1890,1980,1870,752355,1452221650,23285400000,11820000
013340,아세아조인트,630,-20,-3.08,630,650,630,169800,107809940,10779300000,17110000
020560,아시아나항공,2670,30,1.14,2660,2700,2630,1554820,4135888830,453900000000,170000000
054800,아이디스,18750,-250,-1.32,18400,18750,18400,172845,3212714500,182625000000,9740000
053700,아이디씨텍,1390,20,1.46,1330,1470,1320,238523,330862900,7079270000,5093000
037830,아이빌소프트,660,20,3.13,640,710,630,11214730,7619326040,22035689280,33387408
038100,아이엠아이티,1270,30,2.42,1240,1310,1240,378617,484356160,13766768250,10839975
039000,아이엠알아이,1190,-10,-0.83,1170,1220,1170,200195,238718500,14371439600,12076840
031310,아이즈비전,6980,-130,-1.83,7190,7200,6800,10517,73564740,7947309340,1138583
065810,아이콜스,1330,-20,-1.48,1350,1350,1300,62051,82041330,14896000000,11200000
008030,아이텍스필,1230,-40,-3.15,1230,1260,1210,214189,263763270,7775952990,6321913
052300,아이티,750,0,0,750,750,730,63769,47224590,7087500000,9450000
057110,아이티센,820,50,6.49,770,860,760,1174850,963805690,5412000000,6600000
046940,아이티플러스,3770,-130,-3.33,3850,3950,3770,120292,458828160,22997000000,6100000
032080,아즈텍WB,13500,-400,-2.88,13800,13800,13450,2448,33227100,19313208000,1430608
065180,아쿠아테크,3770,-50,-1.31,3850,3850,3710,13261,49982900,19604000000,5200000
013780,아큐텍반도체,2850,-140,-4.68,2900,2920,2700,232226,655111310,12647818350,4437831
030530,아토,4040,250,6.6,3750,4190,3620,3775061,14991352220,63660744400,15757610
038110,아폴로,3650,20,0.55,3510,3700,3510,52542,190050850,34675000000,9500000
001540,안국약품,2030,80,4.1,2040,2130,2000,311627,633403070,23345000000,11500000
053800,안철수연구소,20600,-300,-1.44,20300,20800,20250,167652,3428141700,155168140400,7532434
025970,알덱스,950,-40,-4.04,950,970,930,131288,124544370,18353345450,19319311
021570,알루코,710,10,1.43,700,730,700,233829,166906630,9207493000,12968300
061040,알에프텍,8720,-60,-0.68,8780,8950,8470,767851,6646166830,67144000000,7700000
032290,알티전자,4100,-60,-1.44,3910,4160,3910,61117,247147780,41000000000,10000000
052790,액토즈소프트,15150,-200,-1.3,14800,15350,14800,452256,6814686850,90036450000,5943000
047710,액티패스,2310,-90,-3.75,2350,2370,2300,140933,327386360,12030480000,5208000
054620,앤콤,3190,-150,-4.49,3260,3340,3160,74388,239382510,7847400000,2460000
059720,야호,7930,-80,-1,7900,8110,7820,576863,4603253910,46787000000,5900000
030960,양지사,10000,-100,-0.99,10100,10100,9950,1833,18260370,15980000000,1598000
049470,어드밴텍,1260,0,0,1240,1270,1240,110324,138366830,12978000000,10300000
038320,어울림정보,3300,-110,-3.23,3360,3410,3280,137942,459696520,16830000000,5100000
035290,에듀박스,630,10,1.61,610,670,600,4404053,2802525980,26136284580,41486166
038680,에스넷,1910,80,4.37,1800,1970,1780,1107620,2098752200,30703660650,16075215
066930,에스디,16800,-400,-2.33,16550,17300,16550,128000,2159358250,102480000000,6100000
051780,에스비텍,2740,-110,-3.86,2770,2850,2700,2690,7384350,10884650000,3972500
042110,에스씨디,1900,200,11.76,1680,1900,1680,147294,276868970,16625000000,8750000
056190,에스에프에이,13500,-100,-0.74,13250,13700,13200,369476,4972588950,122985000000,9110000
057500,에스엔티,3370,-60,-1.75,3350,3450,3260,165197,554146760,20068724070,5955111
041510,에스엠,5640,-160,-2.76,5700,5750,5610,31663,179150840,24828565920,4402228
032610,에스오케이,2150,60,2.87,2140,2240,2090,142025,309663810,8475241950,3941973
061050,에스제이윈텍,1860,-70,-3.63,1890,1920,1830,22287,41657080,22320000000,12000000
052020,에스켐,2020,20,1,2000,2020,1950,15905,31472600,10908000000,5400000
039440,에스티아이,4000,-80,-1.96,4050,4100,3930,303556,1215473010,26400000000,6600000
058610,에스피지,6000,480,8.7,5360,6130,5360,262422,1528504260,42000000000,7000000
039110,에스피컴텍,2860,60,2.14,2720,2860,2690,126206,353604620,25104282060,8777721
043340,에쎈테크,880,-30,-3.3,870,910,870,78477,69004900,6160000000,7000000
031800,에쓰에쓰아이,440,40,10,440,440,420,17844814,7846494670,45290804680,102933647
058550,에어로텔레콤,1500,-150,-9.09,1550,1650,1490,83039,127841380,5667000000,3778000
054630,에이디칩스,10100,600,6.32,9620,10600,9620,2304025,23674240910,52520000000,5200000
036550,에이스디지텍,6300,-100,-1.56,6300,6450,5920,1594465,9894760220,104236335000,16545450
038690,에이스일렉,2200,140,6.8,2010,2300,1980,501792,1080251020,13200000000,6000000
003800,에이스침대,20500,400,1.99,20050,20500,20050,979,19703000,40180000000,1960000
032930,에이스테크,3850,20,0.52,3720,3900,3720,10571,40395720,36440858300,9465158
058370,에이에스이,7010,-340,-4.63,7200,7270,6660,110956,760778720,25691650000,3665000
044770,에이엠에스,1950,0,0,1930,1980,1930,93162,182358030,11212500000,5750000
045660,에이텍시스템,2150,-70,-3.15,2150,2220,2100,286779,618372250,24596000000,11440000
052510,에코솔루션,1110,-60,-5.13,1140,1160,1090,135830,151814990,8924400000,8040000
053440,에프에스텍,6370,20,0.31,6220,6370,6220,4500,28508150,5287100000,830000
036810,에프에스티,2020,80,4.12,1870,2080,1870,689140,1355559490,20251388800,10025440
014420,에프와이디,680,0,0,670,700,660,578504,391487080,4847311320,7128399
036630,엑세스텔레콤,470,-20,-4.08,490,500,460,969475,461774700,4894559790,10413957
048460,엑큐리스,850,-10,-1.16,850,850,800,632463,523715940,14960000000,17600000
047940,엔바이오테크,4000,30,0.76,3850,4130,3850,215699,855143920,22880000000,5720000
054170,엔빅스,2020,70,3.59,1990,2020,1970,114278,227938330,20200000000,10000000
037750,엔써,2350,250,11.9,2100,2350,2100,1036124,2323104790,14393750000,6125000
053250,엔에스아이,860,20,2.38,840,870,820,588949,498604480,10433639540,12132139
053980,엔에이씨정보,1380,-30,-2.13,1410,1430,1380,102964,143901560,7176000000,5200000
068420,엔터기술,21300,400,1.91,21100,21650,20900,158494,3359207450,112282950000,5271500
035500,엔터원,830,-20,-2.35,820,870,810,709033,585154980,12705776950,15308165
040130,엔플렉스,640,-10,-1.54,650,680,620,3027911,1974223830,9506228480,14853482
048830,엔피케이,2210,-120,-5.15,2250,2330,2190,16303,36088160,9918480000,4488000
046720,엔하이테크,2610,10,0.38,2560,2700,2560,61937,162377300,14291316000,5475600
066970,엘앤에프,4050,-100,-2.41,4150,4150,3970,220989,889816560,35437500000,8750000
031970,엠바이엔,910,-30,-3.19,910,940,890,353748,322100720,3871785190,4254709
065420,엠아이자카텍,1170,20,1.74,1180,1200,1160,136483,160882750,5031000000,4300000
009780,엠에스씨,9450,160,1.72,9450,9450,9450,300,2835000,8316000000,880000
033160,엠케이전자,4290,-170,-3.81,4440,4440,4210,6233,26681750,29172000000,6800000
002680,영남제분,1290,30,2.38,1260,1350,1220,4039319,5188659430,26832000000,20800000
007530,영신금속,6390,50,0.79,6000,6490,6000,5278,33350430,3834000000,600000
015050,영실업,4800,-100,-2.04,4700,4900,4700,7450,35632150,8252692800,1719311
051390,영우통신,3710,210,6,3500,3920,3350,987522,3599688440,37582300000,10130000
053890,영진닷컴,3100,-190,-5.78,3160,3290,2920,338684,1027974150,31000000000,10000000
036560,영풍정밀,6650,150,2.31,6380,6660,6380,19,122660,10473750000,1575000
049000,예당,4730,-90,-1.87,4850,5030,4700,1208961,5894386820,54727949430,11570391
066200,예스컴,11650,-1350,-10.38,12700,12800,11450,760813,8916135650,49704725000,4266500
046840,예스테크,2230,-80,-3.46,2280,2280,2160,319103,707069300,13796564000,6186800
033850,옌트,880,40,4.76,810,920,810,2202923,1913116280,20816346320,23654939
033855,옌트우,440,10,2.33,430,470,420,129204,56535690,998978200,2270405
045060,오공,1430,-10,-0.69,1430,1450,1400,36284,51329780,11557260000,8082000
041590,오디티,1420,-10,-0.7,1460,1510,1350,723319,1033571650,9230000000,6500000
039830,오로라,2770,-140,-4.81,2810,2880,2740,43174,120036530,23932800000,8640000
014940,오리엔탈정공,960,-20,-2.04,950,970,940,157074,149322910,16512000000,17200000
046350,오리엔텍,940,0,0,930,960,930,325136,306661400,11035600000,11740000
010470,오리콤,7180,-20,-0.28,7030,7200,7000,1647,11613090,14934400000,2080000
058680,오브제,4870,150,3.18,4800,4990,4700,42452,207890430,14610000000,3000000
052420,오성엘에스티,8100,140,1.76,7760,8240,7760,1061022,8611229140,82571189400,10193974
049480,오픈베이스,1480,60,4.23,1420,1560,1410,299361,445309040,8036400000,5430000
043790,옥션,89500,1400,1.59,85500,91800,82900,343126,30620336200,1144706790000,12790020
057680,옴니텔,7530,-70,-0.92,7400,7770,7400,726891,5523442670,58432800000,7760000
010170,옵토매직,3480,100,2.96,3390,3490,3390,4511,15414380,25056000000,7200000
036790,와이드텔레콤,310,0,0,300,320,300,184140,56994910,6326946860,20409506
033310,와이즈콘트롤,380,20,5.56,350,380,350,541774,197777660,8232801460,21665267
019210,와이지-원,2280,-20,-0.87,2310,2310,2260,49213,111689940,49278164400,21613230
025920,우경철강,4570,50,1.11,4520,4590,4500,896,4045230,4661400000,1020000
032820,우리기술,4950,-120,-2.37,4960,4990,4820,52493,257488370,31878000000,6440000
041190,우리기술투자,920,-50,-5.15,930,950,900,1470376,1362296630,36800000000,40000000
040420,우리별텔레콤,1850,-20,-1.07,1810,1900,1770,16496,30010680,11100000000,6000000
037400,우리조명,2030,-70,-3.33,2060,2100,1970,447672,901835280,25578000000,12600000
043580,우석에스텍,820,-10,-1.2,810,830,790,359839,290275530,15908000000,19400000
066590,우수기계,2540,100,4.1,2410,2620,2410,174012,440061920,8712200000,3430000
060550,우수씨엔에스,1600,-130,-7.51,1690,1710,1600,81477,135082620,7680000000,4800000
012460,우영,7070,-30,-0.42,7000,7470,6840,4371217,31466274640,187854849000,26570700
045880,우전시스텍,1070,-30,-2.73,1110,1110,1050,106873,113522030,10486000000,9800000
054080,우주통신,4580,230,5.29,4250,4850,4250,1055844,4910664090,61830000000,13500000
049800,우진세렉스,3340,-10,-0.3,3250,3350,3230,290552,955550610,26720000000,8000000
056060,우진코리아,8400,300,3.7,7920,8670,7920,438631,3667597190,58291556400,6939471
004320,울트라건설,3180,10,0.32,3150,3210,3150,14967,47532730,21247586580,6681631
004325,울트라건설우,2770,240,9.49,2370,2780,2270,4105,10135440,3878000000,1400000
032940,원익,3200,-40,-1.23,3130,3290,3110,661894,2106540360,48000000000,15000000
054440,원일정기,1140,10,0.88,1070,1150,1050,23029,25344970,7088520000,6218000
012620,원일특강,1640,-20,-1.2,1670,1740,1560,182975,306967230,7216000000,4400000
008370,원풍,860,-10,-1.15,860,870,860,30599,26341370,10320000000,12000000
008290,원풍물산,4670,-20,-0.43,4600,4760,4500,10174,47088660,5524610000,1183000
032030,월드조인트,1330,40,3.1,1240,1350,1240,36016,46023100,8778000000,6600000
047610,월드텔레콤,1100,40,3.77,1040,1110,1040,853987,920558540,22011289300,20010263
036000,웨스텍코리아,2150,50,2.38,2080,2200,2080,73223,156853690,20355490500,9467670
035830,웰링크,1380,-50,-3.5,1380,1410,1370,274417,381020900,19320000000,14000000
069080,웹젠,125500,0,0,122000,130000,122000,99478,12587037500,439250000000,3500000
044340,위닉스,5370,190,3.67,5150,5500,5120,95471,504978890,28761720000,5356000
056810,위다스,950,-10,-1.04,950,970,920,292165,275753700,13490000000,14200000
046430,위디츠,4330,-50,-1.14,4380,4400,4280,53259,230316520,22299500000,5150000
051980,위자드소프트,3580,-40,-1.1,3500,3740,3500,374210,1360005370,17282092000,4827400
038620,위즈정보기술,2590,220,9.28,2340,2650,2340,603685,1527451120,18104100000,6990000
039390,윌텍정보통신,1720,-20,-1.15,1710,1810,1700,518502,913923170,9890000000,5750000
033270,유나이티드,1740,30,1.75,1720,1750,1720,339000,588268260,25054066860,14398889
044480,유니더스,1720,10,0.58,1690,1720,1690,16784,28701750,14792000000,8600000
038870,유니보스아이,1540,140,10,1380,1550,1380,539180,804939060,23484076000,15249400
036200,유니셈,2560,60,2.4,2400,2620,2350,354230,865926880,28004672000,10939325
018000,유니슨,2060,20,0.98,2010,2080,2010,6826,13890410,37080000000,18000000
034010,유니와이드,1740,10,0.58,1730,1820,1700,220942,389079290,18079470000,10390500
011320,유니크,5680,140,2.53,5550,5700,5360,24968,139926690,6243927440,1099283
039040,유니텍전자,1980,-180,-8.33,2170,2170,1980,643885,1324442390,13765918320,6952484
024800,유성티엔에스,4010,0,0,3960,4060,3900,34341,136456310,15037500000,3750000
054930,유신,7870,150,1.94,7610,7900,7610,2627,20465100,23610000000,3000000
036500,유원컴텍,1300,10,0.78,1270,1320,1240,55016,69920990,12438400000,9568000
049520,유일전자,31000,-900,-2.82,31500,31500,30300,182384,5614942900,347200000000,11200000
023410,유진기업,1980,-20,-1,1970,2000,1960,12088,23858680,33660000000,17000000
052810,유진데이타,1580,50,3.27,1500,1600,1460,202440,307949220,9717000000,6150000
023420,유진종합개발,28950,250,0.87,28500,28950,28300,404,11494050,19358575500,668690
050760,유펄스,1060,110,11.58,970,1060,950,1688113,1706840480,8617800000,8130000
047770,윤디자인,1780,0,0,1790,1790,1730,17414,30670840,11036000000,6200000
031510,윤영,460,10,2.22,460,460,450,55060,25095000,8573480000,18638000
032150,으뜸저축은행,1070,-40,-3.6,1130,1130,1060,99848,107880000,8260400000,7720000
044960,이-글 벳,1500,20,1.35,1450,1510,1450,53794,79655720,10642500000,7095000
039020,이건창호,9350,-130,-1.37,9450,9490,9200,4140,38954440,12248500000,1310000
042340,이네트,2060,-90,-4.19,2090,2120,2010,1095236,2258359730,22389577620,10868727
045390,이노디지털,1690,100,6.29,1570,1690,1570,81540,132705990,5070000000,3000000
035600,이니시스,1540,-110,-6.67,1670,1780,1470,18945097,31201093570,98067200000,63680000
053350,이니텍,2860,-150,-4.98,2900,2950,2820,325481,932379100,37600706000,13147100
033110,이디,1200,30,2.56,1180,1250,1150,147103,179544530,11404800000,9504000
041520,이라이콤,3930,-480,-10.88,4320,4320,3910,228662,933449370,38317500000,9750000
054210,이랜텍,3470,50,1.46,3390,3540,3300,400489,1372040910,36782000000,10600000
045310,이레전자산업,3320,-70,-2.06,3340,3430,3220,296423,980804310,26062000000,7850000
041030,이루넷,8230,-40,-0.48,7850,8360,7530,731933,5745087630,82300000000,10000000
054940,이림테크,2190,0,0,2110,2190,2110,118887,255194920,14454000000,6600000
052770,이모션,9440,-60,-0.63,9500,9650,9250,81336,763345640,26111040000,2766000
048410,이미지퀘스트,1380,-10,-0.72,1370,1390,1360,135204,185570470,59146800000,42860000
032180,이수세라믹,5700,-60,-1.04,5650,5850,5620,8673,49348550,27645000000,4850000
007660,이수페타시스,1830,20,1.1,1800,1840,1780,369753,669492410,56730000000,31000000
051530,이스턴테크,4000,-80,-1.96,4000,4100,3950,145605,580775570,33174440000,8293610
065160,이앤이시스템,3150,-40,-1.25,3140,3250,3110,33547,105191980,9840600000,3124000
047450,이앤텍,11950,150,1.27,11100,11950,11100,2888,33529650,13665028150,1143517
064240,이엠테크닉스,13400,-700,-4.96,13700,13800,12850,431563,5752361350,84420000000,6300000
041060,이오리스,2420,-50,-2.02,2400,2590,2360,2171710,5356222940,21747922900,8986745
039030,이오테크닉스,4120,-190,-4.41,4130,4260,4060,247100,1018285320,41041231680,9961464
033600,이젠텍,2930,-30,-1.01,2890,2990,2830,250939,727386630,33695000000,11500000
035810,이지바이오,2240,-20,-0.88,2300,2300,2210,31173,70017840,23386767040,10440521
038980,이지클럽,600,40,7.14,550,610,550,4024228,2385902000,15261672000,25436120
016250,이테크이앤씨,5640,-50,-0.88,5590,5730,5400,1908,10643540,15792000000,2800000
001840,이화공영,7690,-410,-5.06,7950,7970,7690,88,691200,3691200000,480000
024810,이화전기,500,0,0,500,530,480,2015922,1026144220,10948500000,21897000
041450,인네트,1640,-10,-0.61,1640,1680,1620,82140,135010510,10906000000,6650000
037700,인디시스템,2910,-100,-3.32,2930,3000,2880,462409,1348101330,23280000000,8000000
039060,인바이오넷,1720,-20,-1.15,1680,1760,1680,304958,524619720,15117805840,8789422
060150,인선이엔티,10100,-200,-1.94,10250,10350,10050,54217,550899100,66902400000,6624000
033230,인성정보,1280,0,0,1240,1290,1230,194612,244573500,21200000000,16562500
041630,인젠,2140,-140,-6.14,2200,2280,2100,351465,766141770,18618000000,8700000
037330,인지디스플레,1580,-70,-4.24,1650,1660,1530,619442,977133190,43136248340,27301423
046240,인츠커뮤니티,1870,140,8.09,1700,1910,1700,1140652,2074612010,20390139660,10903818
047370,인컴,930,-20,-2.11,980,980,920,410622,389575180,8556000000,9200000
049070,인탑스,17200,200,1.18,16600,17200,16500,162738,2722169400,147920000000,8600000
010670,인터리츠,1720,-110,-6.01,1740,1850,1720,928769,1636139370,8791105760,5111108
030420,인터링크,500,0,0,500,510,480,112120,55587760,5880918000,11761836
017250,인터엠,1770,0,0,1760,1790,1740,43937,77094360,33039998820,18666666
035080,인터파크,2200,-60,-2.65,2210,2260,2200,1758973,3903998530,82706751600,37593978
051370,인터플렉스,15350,-750,-4.66,15700,16000,15250,339147,5268238800,188805000000,12300000
020070,인테크,1160,60,5.45,1080,1230,1080,449884,525597960,20458606800,17636730
020075,인테크우,7130,750,11.76,6940,7140,6460,337,2374270,285200000,40000
033720,인투스,1010,100,10.99,920,1010,920,4184991,4166158010,7777000000,7700000
052290,인프론테크,1350,-130,-8.78,1420,1490,1340,124287,172864300,4629150000,3429000
045470,인피트론,3240,40,1.25,3270,3370,3150,12217,39800440,12830963760,3960174
036420,일간스포츠,1520,160,11.76,1360,1520,1340,4329139,6249131920,53330260960,35085698
033550,일레덱스,2000,0,0,1960,2030,1960,11416,22771700,16500000000,8250000
042870,일륭텔레시스,550,20,3.77,540,560,530,1335878,732921830,6729070700,12234674
058450,일야하이텍,1010,-40,-3.81,1030,1110,1000,396510,414310990,7352800000,7280000
019540,일지테크,1250,70,5.93,1180,1280,1120,293822,344887350,16087500000,12870000
049550,잉크테크,5650,-20,-0.35,5640,5670,5570,81675,458743550,47081353950,8332983
032050,자네트시스템,560,-20,-3.45,570,590,560,1736224,989937900,22574140400,40310965
043630,자원메디칼,2170,-90,-3.98,2250,2290,2170,110563,245066960,13888000000,6400000
052650,자티전자,5220,-140,-2.61,5250,5400,5180,306749,1606856700,65103840000,12472000
037340,장미디어,4940,-310,-5.9,5170,5190,4920,1774202,8922837700,43141578220,8733113
049630,재영솔루텍,3970,180,4.75,3790,4060,3790,520850,2060888530,69673500000,17550000
042820,전신전자,1450,-50,-3.33,1470,1490,1430,61791,89654290,8482500000,5850000
065530,전파기지국,9130,-20,-0.22,9100,9300,9010,5023,45519800,47476000000,5200000
033050,정문정보,800,-10,-1.23,800,810,790,47867,38119100,15684273600,19605342
056850,정소프트,5700,-110,-1.89,5700,5750,5650,141546,805654520,57000000000,10000000
045510,정원엔시스템,1140,0,0,1130,1150,1120,9955,11253080,20007991800,17550870
065310,정호코리아,3850,-50,-1.28,3850,3930,3750,4720,18228830,8085000000,2100000
048130,제네틱스,2650,-30,-1.12,2630,2690,2620,368979,976282620,21005980250,7926785
033100,제룡산업,1380,10,0.73,1370,1410,1350,9722,13329140,12585600000,9120000
036760,제이스텍,390,10,2.63,380,410,380,753691,298011540,5229900000,13410000
033320,제이씨현,1340,-30,-2.19,1320,1360,1310,175560,233917620,23304652880,17391532
054790,제이엠피,1900,110,6.15,1830,1990,1760,538285,1012896670,13680000000,7200000
060750,제이콤,1120,-50,-4.27,1130,1130,1050,709447,780140620,14560000000,13000000
052670,제일바이오,1260,0,0,1260,1300,1260,121018,153837580,10080000000,8000000
053330,제일엔테크,2230,140,6.7,2050,2240,2020,358215,765695390,10739798190,4816053
023440,제일제강,1200,-10,-0.83,1190,1210,1170,39685,47025160,12000000000,10000000
026540,제일창투,3180,-180,-5.36,3150,3390,3150,8148,26118770,10812000000,3400000
037550,제일컴테크,3290,200,6.47,3140,3440,3020,620322,2004668990,17860094000,5428600
038010,제일테크노스,4950,0,0,4850,5000,4510,1102,5262030,4455000000,900000
038500,젠네트웍스,2170,160,7.96,2080,2180,1930,125683,262507220,21700000000,10000000
044060,조광ILI,1780,-30,-1.66,1820,1820,1760,3543,6291890,9198328000,5167600
034940,조아제약,1790,30,1.7,1720,1870,1720,842421,1524663760,36192672300,20219370
033340,좋은사람들,2470,0,0,2450,2480,2440,97309,238845090,28652000000,11600000
036930,주성엔지니어,7180,-220,-2.97,7160,7350,7090,1497021,10773708810,219693640000,30598000
030030,중앙디자인,2130,-100,-4.48,2210,2230,2120,83491,180289590,15762000000,7400000
015170,중앙바이오텍,1990,40,2.05,1970,2000,1940,122132,240671300,14925000000,7500000
000440,중앙석유,33050,50,0.15,32600,33050,32600,264,8683950,14475900000,438000
056080,지나월드,5610,-170,-2.94,5670,5710,5570,82829,466021550,28050000000,5000000
040350,지앤티웍스,2010,-50,-2.43,1950,2090,1950,480944,961286690,20640549300,10268930
051160,지어소프트,13950,-200,-1.41,13850,14550,13850,699847,9942583450,66402000000,4760000
065060,지엔코,2070,0,0,2020,2090,2020,38542,79384360,17802000000,8600000
065410,지엔텍,1600,-90,-5.33,1580,1690,1580,265861,425861230,9152000000,5720000
018290,지엠피,770,-10,-1.28,790,790,740,130871,99658040,13970880000,18144000
032790,지이티,630,-80,-11.27,690,700,630,4748653,3114384720,12600000000,20000000
041320,진두네트워크,3930,-70,-1.75,4000,4450,3870,260625,1068754830,20376460500,5184850
018120,진로발효,3420,60,1.79,3410,3420,3300,11729,39035730,44460000000,13000000
036890,진성티이씨,2300,-80,-3.36,2400,2400,2300,30933,71860650,23000000000,10000000
007370,진양제약,14350,200,1.41,14150,14700,14150,5553,80069450,14350000000,1000000
042960,창민테크,4010,10,0.25,3950,4120,3900,98421,396495540,33234880000,8288000
035270,청람디지탈,2020,-30,-1.46,2010,2040,1990,8649,17356890,20301824160,10050408
013720,청보산업,2070,-40,-1.9,2070,2100,2070,7155,14831140,6253501050,3021015
016920,카스,1400,-40,-2.78,1400,1430,1380,82554,115363390,10780000000,7700000
015390,카이시스,1970,-60,-2.96,1970,2070,1970,58900,117553440,16942000000,8600000
065560,캐드랜드,5220,-490,-8.58,5500,5700,5110,265868,1415413810,23158738800,4436540
039980,컴텍코리아,1680,-120,-6.67,1720,1800,1640,106420,178922030,8722880880,5192191
062730,케너텍,6800,-150,-2.16,6850,6950,6750,103929,706458680,31808883600,4677777
021090,케미그라스,13200,-50,-0.38,13150,13200,12900,1315,17072400,9440824800,715214
063440,케이디미디어,3680,10,0.27,3720,3840,3630,744453,2780539600,36800000000,10000000
029480,케이디씨,1270,100,8.55,1180,1290,1180,445712,555665050,14446250000,11375000
032570,케이디이컴,640,10,1.59,630,640,620,349113,220194240,14433105280,22551727
038460,케이비씨,1740,40,2.35,1680,1770,1660,284090,492771310,18652756500,10719975
052400,케이비티,18100,-50,-0.28,18050,18350,17550,47293,848870950,68385420000,3778200
068060,케이씨더블류,2580,-40,-1.53,2470,2650,2470,240888,620525190,14035200000,5440000
035950,케이알,920,-20,-2.13,950,970,910,108185,100352370,10764000000,11700000
032500,케이엠더블유,2430,-90,-3.57,2450,2480,2240,239962,568454200,37140120000,15284000
042040,케이피엠테크,1770,-10,-0.56,1750,1830,1670,11871,20343290,14160000000,8000000
054410,케이피티,1150,-70,-5.74,1220,1230,1140,165973,195345910,5819000000,5060000
047820,코닉테크,1280,-20,-1.54,1260,1380,1260,247316,322524120,5504000000,4300000
046070,코다코,3500,20,0.57,3420,3600,3360,24738,85955030,25200000000,7200000
041800,코디콤,11100,-150,-1.33,10700,11250,10700,392317,4308669050,88800000000,8000000
046210,코람스틸,1170,10,0.86,1130,1170,1130,19656,22469290,10647000000,9100000
008340,코레스,1780,30,1.71,1750,1800,1740,9729,17150310,4859400000,2730000
027050,코리아나,1810,-20,-1.09,1810,1830,1800,726113,1315704950,72400000000,40000000
033880,코리아텐더,530,-10,-1.85,530,540,520,2644576,1394899240,31744439040,59895168
033885,코리아텐더우,380,-20,-5,400,400,380,160223,61093860,3648000000,9600000
036690,코맥스,3450,150,4.55,3200,3550,3200,450605,1538170690,43433775000,12589500
049430,코메론,4400,-70,-1.57,4390,4440,4300,18888,82471000,25520000000,5800000
059090,코미코,4860,20,0.41,4670,5080,4590,311325,1493209050,48688719300,10018255
043090,코바이오텍,6140,-160,-2.54,6130,6270,5950,34095,207576930,20753200000,3380000
044820,코스맥스,2150,90,4.37,2060,2150,2050,58224,122800130,13330000000,6200000
038830,코스모씨앤티,690,-30,-4.17,710,720,650,1103067,750114590,7452000000,10800000
017160,코스프,470,-20,-4.08,470,480,460,912259,428826110,6654939150,14159445
039990,코아정보,1390,20,1.46,1370,1410,1350,160717,222947010,9052483420,6512578
052210,코어세스,5640,-350,-5.84,5930,6000,5570,779299,4466751180,90352800000,16020000
022520,코오롱정보,5370,-190,-3.42,5450,5530,5330,32921,177354000,21480000000,4000000
050050,코웰시스넷,1310,-90,-6.43,1390,1450,1290,658891,890535620,7020617500,5359250
056360,코위버,2580,70,2.79,2450,2580,2430,60526,151740940,12003916980,4652681
039530,코코,3770,70,1.89,3680,3790,3660,13383,49714810,25555593440,6778672
015710,코콤,1830,0,0,1810,1850,1810,5793,10640940,32080815000,17530500
052330,코텍,6950,380,5.78,6500,7110,6370,1447587,9995057530,71293100000,10258000
056010,콜린스,1560,160,11.43,1410,1560,1360,658973,996923170,6864000000,4400000
060900,콤텔시스템,1790,10,0.56,1760,1790,1700,4428,7647280,15036000000,8400000
035210,큐릭스,15700,800,5.37,14700,15850,14700,11880,183156900,32942525000,2098250
052880,큐앤에스,3000,-100,-3.23,3100,3210,2910,2478870,7570882990,40165329000,13388443
043590,크로바하이텍,4350,-120,-2.68,4160,4800,3960,589734,2538075990,30450000000,7000000
045520,크린앤사이언,1760,-20,-1.12,1740,1790,1710,44092,76727530,11440000000,6500000
064060,크린에어텍,1600,-30,-1.84,1580,1650,1580,202644,323093710,10880000000,6800000
033640,크린크레티브,3380,30,0.9,3210,3400,3120,291150,946276950,24843000000,7350000
055250,키이,4050,-320,-7.32,4200,4350,4020,160632,661052780,15057900000,3718000
039350,타프시스템,6360,260,4.26,5820,6630,5820,971899,6130629280,27714049800,4357555
065130,탑엔지니어링,16800,-300,-1.75,16800,17300,16600,626582,10587307500,147840000000,8800000
023160,태광,5100,-100,-1.92,5100,5220,5020,76895,397001730,65331000000,12810000
048140,태광이엔시,1470,-10,-0.68,1540,1540,1440,1147,1664150,11466000000,7800000
036210,태산엘시디,8230,-200,-2.37,8220,8330,8100,650371,5342146020,113903200000,13840000
053620,태양산업,3250,0,0,3240,3250,3200,4782,15515950,27950000000,8600000
044490,태웅,2060,20,0.98,2010,2060,1920,144249,288792470,32383200000,15720000
032540,태진미디어,4770,0,0,4610,4770,4600,144332,676071140,42930000000,9000000
036900,택산아이엔씨,1960,100,5.38,1860,2040,1850,634729,1243739350,48807379040,24901724
032420,터보테크,1930,-20,-1.03,1910,1950,1900,246009,472730910,42964888000,22261600
048510,테스텍,2700,-10,-0.37,2680,2700,2650,108088,289481590,27305575200,10113176
053950,테코스,1230,-30,-2.38,1230,1270,1180,4652,5627850,6765000000,5500000
036830,테크노세미켐,13200,-400,-2.94,13300,13400,13000,91112,1200827350,90520584000,6857620
043690,테크메이트,2970,20,0.68,2900,2970,2850,322625,939544050,25883835120,8715096
021040,테크원,1100,-150,-12,1210,1350,1100,11258332,14202318530,26510000000,24100000
021045,테크원우,490,-40,-7.55,520,550,480,898613,462180390,2078808340,4242466
038540,텍셀,1050,-70,-6.25,1110,1170,1050,428119,470416280,6615000000,6300000
036840,텍슨,1570,-20,-1.26,1580,1590,1570,45881,72427670,15072000000,9600000
056730,텔로드,1740,-10,-0.57,1700,1820,1700,298501,524578590,12180000000,7000000
027350,텔슨전자,3550,20,0.57,3450,3570,3440,988247,3460022550,116177871550,32726161
018180,텔슨정보통신,1020,-10,-0.97,1000,1060,1000,2612383,2696937080,26586500940,26065197
045340,토탈소프트,8890,110,1.25,8700,8900,8600,32563,286386280,38227000000,4300000
038050,트래픽 ITS,3130,-170,-5.15,3280,3280,3130,325546,1040656560,24634352000,7870400
026150,특수건설,2060,-20,-0.96,2040,2080,2040,1302,2658260,13184000000,6400000
066350,티에스엠텍,12050,300,2.55,11500,12350,11500,210196,2521375150,73143500000,6070000
034230,파라다이스,4770,-100,-2.05,4760,4830,4740,738796,3532019600,441970355430,92656259
033540,파라텍,16200,-100,-0.61,16450,16450,15650,11944,190095150,18014400000,1112000
043200,파루,1550,20,1.31,1520,1570,1460,1775810,2700032690,9687500000,6250000
037070,파세코,2160,10,0.47,2160,2160,2160,58,125280,23760000000,11000000
037030,파워넷,920,-20,-2.13,930,960,910,148280,137116500,8146986400,8855420
039230,파이컴,2970,170,6.07,2720,2970,2720,176783,503056290,34078038390,11474087
049120,파인디앤씨,22000,-150,-0.68,21700,22350,21400,165977,3622514100,121871200000,5539600
038950,파인디지털,3610,-160,-4.24,3710,3750,3580,155449,564443010,33392500000,9250000
025460,팬텀,8320,280,3.48,8500,8650,7800,37028,308816230,12646400000,1520000
054010,평화일렉콤,1390,-40,-2.8,1380,1450,1380,87286,122713920,10289766900,7402710
043370,평화정공,5140,40,0.78,5050,5290,5050,211996,1094557460,53456000000,10400000
030390,포레스코,2720,80,3.03,2830,2830,2620,907,2387280,22871707520,8408716
022100,포스데이타,16500,-100,-0.6,16400,16550,15850,9803,158804450,101560140000,6155160
003670,포스렉,7430,-10,-0.13,7400,7470,7360,7577,55981970,43889010000,5907000
056710,포시에스,3950,150,3.95,3710,3950,3710,75834,292343670,13035000000,3300000
036920,포커스,660,20,3.13,620,660,620,618651,395315670,5832463560,8837066
065610,폴리플러스,1840,0,0,1800,1890,1800,419655,778999720,18400000000,10000000
005670,푸드웰,11800,250,2.16,11700,11800,11500,134,1551700,4720000000,400000
007330,푸른저축은행,2090,0,0,2070,2090,2060,5000,10394000,31523052000,15082800
065940,풍경정화,2050,-70,-3.3,2080,2110,2030,7872,16147360,13325000000,6500000
023900,풍국주정,4450,-20,-0.45,4590,4590,4450,602,2703990,12460000000,2800000
024850,풍산마이크로,1420,0,0,1390,1420,1380,35271,49284340,49518240000,34872000
036270,퓨렉스,2670,-160,-5.65,2700,2720,2630,127699,340555210,17194800000,6440000
035620,퓨센스,1170,-60,-4.88,1260,1260,1170,373393,447959950,8538929100,7298230
054120,퓨어텍,2570,50,1.98,2420,2640,2420,86586,219527730,16391290380,6377934
039860,퓨쳐시스템,6600,120,1.85,6410,6810,6310,868111,5766751450,67332540000,10201900
035200,프럼파스트,1550,-20,-1.27,1520,1570,1520,123212,190233490,8680000000,5600000
038120,프로소닉,1650,-10,-0.6,1630,1690,1630,78006,129777950,16986906750,10295095
030350,프로칩스,660,-10,-1.49,660,670,650,1419014,937730200,30287129400,45889590
053610,프로텍,1440,130,9.92,1320,1460,1320,388522,551465750,5760000000,4000000
053160,프리엠스,1420,20,1.43,1370,1420,1370,8663,12014640,8520000000,6000000
057330,플래닛82,550,-70,-11.29,610,610,550,357810,205640170,5500000000,10000000
037150,플레너스,27700,450,1.65,26550,27700,26250,1128425,30350811800,392983639500,14187135
051380,피씨디렉트,2280,-100,-4.2,2360,2380,2250,93711,214672510,8796240000,3858000
054340,피앤텔,7580,30,0.4,7590,7650,7430,196490,1490406710,127344000000,16800000
031980,피에스케이,5540,250,4.73,5200,5540,5050,579677,3048430520,63529058060,11467339
002230,피에스텍,3750,-80,-2.09,3750,4000,3750,64233,248302960,52500000000,14000000
058820,피엠케이,620,-80,-11.43,660,760,620,931522,658964700,6076000000,9800000
006140,피제이전자,28700,600,2.14,28200,28700,28100,59,1660550,15764565600,549288
039870,피케이엘,4830,-90,-1.83,4870,4870,4800,42889,207206710,151868250660,31442702
039580,피코소프트,3050,-30,-0.97,3070,3160,3050,532964,1648838660,27566220250,9038105
064800,필링크,15350,50,0.33,15700,16400,15350,1274964,20374763800,80741000000,5260000
033290,필코전자,1310,-30,-2.24,1330,1330,1270,109865,143440160,21735210840,16591764
033630,하나로통신,3080,-30,-0.96,3060,3100,3040,3427095,10504904180,860313854400,279322680
039130,하나투어,16200,-250,-1.52,15950,16350,15950,18601,300912900,72900000000,4500000
024660,하림,1420,30,2.16,1400,1420,1340,2769761,3827864620,75787399360,53371408
049130,하우리,3340,-80,-2.34,3360,3390,3340,1161437,3898470030,50367200000,15080000
013030,하이록코리아,1210,-10,-0.82,1200,1220,1140,10241,12113040,14272012920,11795052
057100,하이스마텍,9910,260,2.69,9700,9910,9380,471575,4535299580,54505000000,5500000
066980,하이쎌,6400,-110,-1.69,6200,6480,6200,80740,512184670,35520000000,5550000
052350,하이켐텍,1870,-10,-0.53,1910,1910,1840,24980,46610830,5610000000,3000000
048540,하이콤,710,70,10.94,650,710,650,3158763,2173757380,7756750000,10925000
043680,하이퍼정보,660,70,11.86,600,660,590,2989579,1908489820,8687211720,13162442
066130,하츠,4410,-90,-2,4390,4560,4390,210899,938934110,56448000000,12800000
044780,한광,1020,-10,-0.97,1030,1040,980,250127,251998850,11240400000,11020000
004590,한국가구,4170,110,2.71,4010,4190,4010,11972,49084780,6255000000,1500000
048270,한국교육,1970,-30,-1.5,1930,2040,1930,225376,447597080,21497242820,10912306
019550,한국기술투자,1350,-60,-4.26,1350,1410,1340,1273381,1736161030,112050000000,83000000
034950,한국기업평가,9480,80,0.85,9800,9850,9160,6005,58459720,46091304960,4861952
032600,한국디지탈,1100,0,0,0,0,0,0,0,42843211400,38948374
039420,한국물류정보,9130,-100,-1.08,9200,9270,9100,8803,80661040,22053268490,2415473
041960,한국미생물,4790,170,3.68,4580,4790,4510,66564,312078020,37649400000,7860000
024120,한국베랄,2740,-30,-1.08,2710,2860,2700,137263,380830240,26023150000,9497500
024880,한국볼트,1600,100,6.67,1480,1670,1460,117006,184284630,16000000000,10000000
025550,한국선재,940,-10,-1.05,950,950,930,3722,3488500,12220000000,13000000
024840,한국성산,1410,10,0.71,1380,1420,1380,30,41790,15228000000,10800000
017890,한국알콜,27350,-450,-1.62,27500,27700,27200,1033,28292000,37305400000,1364000
017010,한국오발,1860,-10,-0.53,1880,1880,1810,12237,22592000,8202600000,4410000
045050,한국와콤전자,600,-10,-1.64,600,610,590,479142,288694990,9900000000,16500000
023890,한국전지,1340,30,2.29,1280,1400,1280,3936,5240160,12261000000,9150000
039740,한국정보공학,4020,50,1.26,3960,4250,3830,61264,249779230,32233955940,8018397
025770,한국정보통신,4890,-10,-0.2,4810,4970,4810,46719,229047220,57560561640,11771076
019660,한국창투,340,20,6.25,320,340,310,6621934,2176509540,26451571600,77798740
023760,한국캐피탈,2780,-20,-0.71,2800,2800,2750,8792,24353440,48450974240,17428408
021650,한국큐빅,3200,-220,-6.43,3360,3470,3050,103844,336759330,19200000000,6000000
034830,한국토지신탁,580,10,1.75,570,580,570,658314,376201250,104400000000,180000000
054040,한국트로닉스,7960,-290,-3.52,8050,8150,7850,79716,634450210,95468260000,11993500
037230,한국팩키지,3360,10,0.3,3350,3360,3300,14180,47170620,8400000000,2500000
040180,한국하이네트,1550,-30,-1.9,1590,1610,1520,258758,402091890,14615797850,9429547
030520,한글과컴퓨터,1480,-10,-0.67,1470,1510,1440,5485742,8086711630,119736901760,80903312
052600,한네트,1800,0,0,1770,1800,1760,96507,171885890,20425860000,11347700
052270,한단정보통신,6100,-150,-2.4,6230,6230,5870,835117,5045728240,70150000000,11500000
060660,한도하이테크,5790,-40,-0.69,5700,5790,5560,30494,172932940,33723276000,5824400
021060,한림창투,4350,150,3.57,4500,4500,4230,143333,625198700,22359000000,5140000
025450,한마음저축은,5090,70,1.39,5100,5110,5020,5560,28201980,29836699430,5861827
021080,한미창투,800,-90,-10.11,860,870,800,2853597,2368387700,33600000000,42000000
036720,한빛네트,920,-50,-5.15,950,980,900,1069148,1011679550,9031015320,9816321
047080,한빛소프트,13600,-100,-0.73,13400,13750,13350,282180,3819379650,112669784800,8284543
043890,한빛아이앤비,13600,500,3.82,13100,14000,13000,49320,657001000,95502110400,7022214
036280,한성에코넷,1560,-30,-1.89,1570,1650,1550,747379,1193363930,19257075240,12344279
037950,한성엘컴텍,8950,180,2.05,8700,8950,8500,224287,1967919210,82698000000,9240000
007640,한솔저축은행,1380,-20,-1.43,1400,1400,1370,46063,63732940,19103508360,13843122
025340,한솔창투,2650,-90,-3.28,2660,2790,2640,126897,339901590,17225000000,6500000
058530,한송하이테크,2200,-100,-4.35,2210,2270,2120,139346,304377640,12760000000,5800000
037120,한신코퍼,570,-30,-5,590,600,570,1580597,916249980,23687104110,41556323
030190,한신평정보,27000,450,1.69,25950,27500,25700,58801,1571324950,128527884000,4760292
036020,한아시스템,680,-10,-1.45,670,690,630,1632167,1077710260,20784233320,30565049
045100,한양이엔지,4100,-70,-1.68,4060,4120,3900,504078,2024130970,51250000000,12500000
019260,한올,410,-10,-2.38,410,430,410,837324,348340180,13452100000,32810000
037110,한원마이크로,660,70,11.86,580,660,560,652043,414269220,9686259000,14676150
022610,한일,20450,-100,-0.49,20150,21700,20150,3781,78448350,18093546500,884770
024740,한일단조,1250,0,0,1260,1260,1220,2537,3108810,8000000000,6400000
005860,한일사료,640,-10,-1.54,650,660,640,89127,57786860,19986022400,31228160
007770,한일화학,49600,-150,-0.3,50000,50000,49500,110,5472750,9920000000,200000
061460,한진피앤씨,3190,-10,-0.31,3200,3200,3140,35719,113099340,53592000000,16800000
041940,한텔,3640,390,12,3150,3640,3150,1718573,6040649860,36946000000,10150000
045760,한통데이타,12150,-850,-6.54,12800,12850,11950,287053,3517193400,128532347100,10578794
058420,한틀시스템,3790,20,0.53,3700,3790,3700,59250,221692030,32351440000,8536000
036640,해룡실리콘,2280,20,0.88,2250,2300,2250,639654,1456683770,37288944000,16354800
034810,해성산업,2300,-20,-0.86,2280,2300,2250,3166,7252960,22494000000,9780000
037380,해외무역,5280,430,8.87,4750,5290,4750,4158,20362930,6600000000,1250000
058480,해원에스티,1050,0,0,1030,1060,1020,257551,267141750,14553000000,13860000
032380,핸디소프트,4600,-100,-2.13,4650,4650,4500,410567,1873599120,110400000000,24000000
008800,행남자기,2780,20,0.72,2760,2800,2730,1585,4361420,16788358840,6038978
066340,헤드라인정보,4880,320,7.02,4400,4990,4400,34261,164966470,20984000000,4300000
054300,헤스본,2160,-10,-0.46,2100,2290,2060,31837,69272730,12096000000,5600000
035480,현대디지탈텍,6000,-100,-1.64,5930,6080,5910,302430,1805443780,83019924000,13836654
035910,현대멀티캡,340,0,0,340,350,320,944968,317125570,8862961900,26067535
035917,현대멀티캡2우,1330,10,0.76,1320,1410,1320,61,81630,344172080,258776
035919,현대멀티캡3우,630,-20,-3.08,660,660,610,10607,6698250,195102180,309686
035915,현대멀티캡우,2670,80,3.09,2510,2670,2510,805,2095820,321468000,120400
026180,현대정보기술,1690,-10,-0.59,1680,1710,1680,72695,123290790,51038000000,30200000
039010,현대통신,1900,0,0,1850,1900,1800,87691,162588960,16387500000,8625000
038960,현주컴퓨터,1400,30,2.19,1340,1490,1320,3002735,4276491010,30240000000,21600000
053660,현진소재,2380,0,0,2300,2440,2260,21042,49320200,17136000000,7200000
035870,호성,490,10,2.08,470,490,460,821595,390015400,8385214670,17112683
013450,호성케멕스,1180,30,2.61,1150,1210,1150,144023,170451470,23600000000,20000000
037020,호스텍글로벌,440,0,0,430,450,430,196194,86044270,9573139840,21757136
016040,호신섬유,24400,-550,-2.2,24900,24900,23300,1509,36356000,4880000000,200000
060560,홈센타,1380,20,1.47,1350,1380,1330,22471,30406300,9936000000,7200000
045920,화림모드,700,0,0,690,750,690,2387134,1712482720,9092979000,12989970
045925,화림모드우,720,0,0,720,780,700,539377,404225530,3096000000,4300000
039610,화성,2000,-20,-0.99,1960,2010,1960,5537,10953130,8400000000,4200000
033500,화인텍,4740,60,1.28,4600,4760,4570,106346,498365420,53751600000,11340000
061250,화일약품,7030,-170,-2.36,7000,7240,6960,56385,399753670,35431200000,5040000
036590,환경비젼21,1690,20,1.2,1650,1720,1570,54188,88794370,7620030860,4508894
032560,황금에스티,2130,-20,-0.93,2150,2150,2100,22905,48849730,18445800000,8660000
028080,휴맥스,23600,850,3.74,22400,23600,21800,1788956,40161279750,643218684400,27255029
066480,휴먼정보기술,1130,-30,-2.59,1160,1170,1110,176956,200998190,5424000000,4800000
036660,휴먼컴,900,90,11.11,860,900,810,2757520,2403966310,15242850000,16936500
066060,휴먼텍코리아,2200,40,1.85,2160,2400,2110,682945,1531259380,15620000000,7100000
024060,흥구석유,154000,-2000,-1.28,0,0,0,0,0,15092000000,98000
037440,희림,2440,10,0.41,2450,2600,2380,14912,36891240,12200000000,5000000
019640,희훈,1930,40,2.12,1860,1930,1750,44505,82575490,31613400000,16380000
