단축코드,종목명,종가,대비,등락률,시가,고가,저가,거래량,거래대금,시가총액,상장주식수
037730,3R,515,-70,-11.97,590,595,515,3338211,1807603515,20042232855,38916957
060310,3S,615,-25,-3.91,625,640,575,810872,495226610,7380000000,12000000
036360,3SOFT,1125,5,0.45,1120,1150,1100,5464,6068155,6562505250,5833338
039790,AMIC,1560,85,5.76,1580,1610,1520,1293091,2041737085,34320000000,22000000
036820,BET,1550,165,11.91,1490,1550,1380,2248795,3335478885,32668967150,21076753
023460,C&H캐피탈,1410,-50,-3.42,1460,1500,1405,45549,66180385,31020000000,22000000
045260,CHK한강,830,-20,-2.35,880,880,825,309757,260025485,23177017940,27924118
049370,CJ엔터테인,17650,-800,-4.34,18700,18700,17450,375466,6720878600,269444194000,15265960
051500,CJ푸드시스템,7820,-160,-2.01,8010,8150,7790,103059,812761080,73342998000,9378900
035760,CJ홈쇼핑,53000,3000,6,50800,53500,50800,242626,12741092700,436925163000,8243871
050470,CMS,565,-10,-1.74,575,580,555,43260,24489465,4689500000,8300000
065340,DM테크놀로지,3730,65,1.77,3605,3780,3600,114892,423992200,20888000000,5600000
037370,EG,3790,-105,-2.7,3910,3995,3430,39768,147962245,17055000000,4500000
053870,GT&T,1010,-20,-1.94,1015,1040,970,13118,13102450,4343000000,4300000
060910,I.S하이텍,2340,60,2.63,2300,2420,2250,226857,529658755,24073920000,10288000
038710,ICM,1560,-40,-2.5,1660,1660,1555,13850,22061985,7800000000,5000000
036670,KCI,1540,-40,-2.53,1580,1590,1520,25460,39420335,9702000000,6300000
054020,KDN스마텍,2370,-85,-3.46,2490,2500,2340,505144,1214853465,31189200000,13160000
046810,KEPS,1155,-45,-3.75,1140,1225,1140,45547,53515950,7221244800,6252160
060720,KH바텍,48600,400,0.83,49200,49600,46650,226461,10918255500,388800000000,8000000
032390,KTF,22950,0,0,23250,23500,22800,963272,22308953800,4386674911050,191140519
036030,KTH,8080,-420,-4.94,8700,8700,7930,827976,6736680170,278760000000,34500000
060370,KT서브마린,7590,40,0.53,7700,7700,7530,16444,124706580,33244200000,4380000
016990,LG마이크론,66600,-400,-0.6,68500,68500,65700,86285,5736028000,386280000000,5800000
032640,LG텔레콤,4010,10,0.25,4050,4080,3990,846321,3405235380,1111886504300,277278430
028150,LG홈쇼핑,72100,2800,4.04,70100,72500,70000,128899,9234635800,473156250000,6562500
047420,LKFS,595,-5,-0.83,595,625,585,83132,50015295,4284000000,7200000
068150,MCS로직,9150,-300,-3.17,9500,9690,9030,98531,914548100,37515000000,4100000
035420,NHN,168000,-6300,-3.61,180000,180600,167500,329190,56787117200,1260022680000,7500135
046140,SBSi,10750,-250,-2.27,11300,11300,10650,209418,2268959950,118573962000,11030136
036540,STS반도체,7250,350,5.07,6900,7440,6750,901798,6434415690,73119150000,10085400
016600,TG벤처,1650,15,0.92,1640,1830,1600,127453,212563855,19800000000,12000000
048770,TPC,1580,90,6.04,1585,1585,1360,1876,2818915,6794000000,4300000
032620,UBCARE,1140,-35,-2.98,1185,1190,1135,1284548,1484646920,27119285580,23788847
048760,VK,2120,-15,-0.7,2135,2200,2120,411701,888028275,36978284440,17442587
033190,VON,350,-45,-11.39,385,390,350,2112825,757632100,6981211650,19946319
016170,YBM서울,1155,25,2.21,1115,1160,1115,10793,12190775,12543300000,10860000
040300,YTN,1810,110,6.47,1770,1810,1690,938405,1644376065,76020000000,42000000
008780,i 인프라,170,0,0,0,0,0,0,0,3332000000,19600000
054150,가드텍,560,-15,-2.61,580,580,560,377204,214242365,8786803200,15690720
040610,가로수닷컴,735,-10,-1.34,755,775,700,472170,350538640,8269036650,11250390
026260,가산전자,1600,75,4.92,1670,1670,1550,405077,650139435,13024764800,8140478
042570,가야전자,1840,-20,-1.08,1900,1940,1830,91637,170003490,14352000000,7800000
030270,가희,7040,-60,-0.85,7190,7190,6800,274,1878650,4646400000,660000
035250,강원랜드,125000,3900,3.22,122000,125200,120500,84020,10308619500,2500000000000,20000000
056000,거원시스템,22300,-1200,-5.11,23900,24100,21850,170282,3878353500,119082000000,5340000
039240,경남스틸,2085,45,2.21,2030,2100,2030,30790,63626485,10425000000,5000000
011040,경동제약,7690,0,0,7690,7700,7560,7020,53553530,46140000000,6000000
050120,경조산업,910,-20,-2.15,990,990,910,17366,16280310,3757390000,4129000
024910,경창산업,1545,5,0.32,1550,1550,1500,5998,9240795,18478200000,11960000
025880,경축,10850,250,2.36,10850,10850,10850,5,54250,8029000000,740000
049720,고려신용정보,2510,-90,-3.46,2600,2600,2350,12242,30809775,3589300000,1430000
027440,고려전기,160,-20,-11.11,160,160,160,41880,6700800,3877235840,24232724
014570,고려제약,11550,-250,-2.12,11950,11950,11350,61921,717316450,12705000000,1100000
014200,광림,1900,0,0,1870,1940,1840,1200,2284065,11558815300,6083587
026910,광진실업,11500,200,1.77,11300,11500,11200,501,5617400,6900000000,600000
053270,구영테크,2650,45,1.73,2640,2730,2500,250755,655816330,15370000000,5800000
031150,국민카드,17200,200,1.18,17200,17300,16850,185622,3156871500,1259040000000,73200000
066620,국보디자인,4970,-180,-3.5,5150,5350,4970,70992,366490000,28826000000,5800000
043650,국순당,42250,-750,-1.74,43000,43600,42000,75119,3195231250,365990625000,8662500
006050,국영지앤엠,1035,10,0.98,1010,1055,1010,65826,67749090,6689826000,6463600
007720,국제건설,310,0,0,310,320,310,656516,205890420,12018331100,38768810
053740,국제엘렉트릭,10600,940,9.73,9980,10800,9810,902449,9466881310,87026000000,8210000
028300,국제정공,110,-15,-12,110,110,110,246428,27107080,3449569200,31359720
028305,국제정공우,130,-15,-10.34,130,130,130,21217,2758210,520000000,4000000
023670,국제통신,540,-15,-2.7,555,560,525,66556,35672155,3240000000,6000000
037510,굿라이프10-MF,5100,0,0,0,0,0,0,0,3829080000,750800
037500,굿라이프5MF,5100,50,0.99,5100,5100,5100,3,15300,9526800000,1868000
019010,그랜드백화점,3740,240,6.86,3890,3890,3410,15331,56162300,18026800000,4820000
070080,그로웰메탈,2455,-200,-7.53,2620,2700,2410,550188,1415993520,29886605350,12173770
009220,그로웰전자,1060,-130,-10.92,1190,1210,1060,604340,663352345,12217926760,11526346
035780,그로웰텔레콤,470,-10,-2.08,485,495,470,1161900,552627825,20726342000,44098600
021320,금강종합건설,10300,150,1.48,10350,10400,10150,18385,189218250,59740000000,5800000
053260,금강철강,1050,-10,-0.94,1060,1070,1030,53668,56624390,19656000000,18720000
036090,금호미터텍,560,-30,-5.08,585,585,555,386177,218418405,5469788800,9767480
036190,금화피에스시,1850,-10,-0.54,1890,1890,1800,3217,5878925,11100000000,6000000
064720,기가텔레콤,3255,135,4.33,3180,3335,3145,1065347,3459235550,36618750000,11250000
004790,기륭전자,1210,-20,-1.63,1245,1260,1205,379418,464999390,28446009790,23509099
035460,기산텔레콤,1375,10,0.73,1345,1390,1345,55665,76083865,19412250000,14118000
024110,기업은행,5290,-30,-0.56,5360,5380,5260,204767,1083156210,1602613884650,302951585
051490,나라엠앤디,2125,35,1.67,2140,2170,2100,388195,826647045,30727500000,14460000
065910,나래시스템,1310,30,2.34,1290,1325,1260,120963,156098810,5803300000,4430000
036850,나리지*온,1390,85,6.51,1330,1435,1330,257046,355504900,25176375000,18112500
036800,나이스,1360,-10,-0.73,1350,1385,1350,31176,42586795,13600000000,10000000
033220,남성알미늄,29500,200,0.68,29500,29500,29500,128,3776000,7080000000,240000
032800,네모,615,-5,-0.81,620,660,615,441353,276262855,9066772800,14742720
037540,네스테크,565,-15,-2.59,605,605,565,40077,22981775,6416372780,11356412
042510,네오웨이브,1010,-20,-1.94,1030,1045,1005,62186,63150305,13130000000,13000000
042420,네오위즈,62400,-1500,-2.35,65800,65800,61700,263556,16638300000,476780928000,7640720
017680,네티션닷컴,32400,-100,-0.31,31900,34000,30850,26753,846385250,27216000000,840000
033430,넥사이언,2200,70,3.29,2150,2250,2150,1235741,2719820690,83779520000,38081600
038990,넥스콘테크,2530,120,4.98,2500,2550,2380,943879,2343342295,22550580690,8913273
037220,넥스텔,785,-15,-1.88,800,815,785,182333,144301855,14054483785,17903801
033280,넷시큐어테크,460,-40,-8,490,510,445,823916,383156680,6415398740,13946519
047730,넷웨이브,1035,-75,-6.76,1080,1095,1020,72004,75520050,3779820000,3652000
037010,넷컴스토리지,490,0,0,500,505,470,654808,320513065,11045136550,22541095
054050,농우바이오,3415,-35,-1.01,3470,3510,3390,118307,407657865,48834500000,14300000
040160,누리텔레콤,4610,-200,-4.16,4850,4880,4605,4352,20505030,20745000000,4500000
025690,뉴런네트,125,-15,-10.71,135,140,125,3526726,450131405,4250000000,34000000
060260,뉴보텍,2830,-45,-1.57,2870,2890,2730,14251,40196745,11206800000,3960000
060300,뉴소프트기술,2450,5,0.2,2385,2730,2210,83531,208981360,13144250000,5365000
012340,뉴인텍,575,-10,-1.71,575,580,560,13327,7555600,4450500000,7740000
049180,뉴테크맨,1330,30,2.31,1280,1330,1205,26151,33911790,9576000000,7200000
053290,능률영어사,3830,-180,-4.49,4030,4030,3800,183679,714280340,18050790000,4713000
023430,니트젠테크,1285,15,1.18,1300,1350,1260,56645,73781625,14508643305,11290773
039560,다산네트웍스,11100,-1500,-11.9,12150,12300,11100,1550072,17440826550,71273166600,6421006
043710,다스텍,1065,30,2.9,995,1065,995,305221,317486165,8094000000,7600000
032190,다우데이타,575,10,1.77,575,585,560,172813,98674030,12782250000,22230000
035720,다음,63800,-1300,-2,66900,67100,62700,608314,39311448200,925935780000,14513100
040670,단암전자통신,1810,90,5.23,1780,1880,1735,498655,901623940,35747500000,19750000
037640,대경테크노스,4000,-140,-3.38,4115,4115,3900,10672,42339825,3040000000,760000
020400,대동금속,5590,50,0.9,5520,5590,5260,4611,25117360,2683200000,480000
008830,대동기어,6360,10,0.16,6360,6400,6200,1625,10230640,4082903760,641966
048470,대동스틸,1420,20,1.43,1410,1420,1400,51919,73194630,14200000000,10000000
004780,대륙제관,5220,-30,-0.57,5240,5250,5120,622,3256650,6264000000,1200000
017650,대림제지,950,5,0.53,935,990,935,20861,19619060,8550000000,9000000
027700,대백쇼핑,2340,40,1.74,2220,2375,2180,6410,14800860,5850000000,2500000
036490,대백신소재,18500,400,2.21,19800,20250,17550,934731,17894327950,129222500000,6985000
026970,대백저축은행,2430,130,5.65,2435,2435,2170,3702,8760915,3888000000,1600000
031990,대선조선,16050,-50,-0.31,15600,16200,15450,1124,17712750,8121300000,506000
036480,대성미생물,23750,-50,-0.21,24000,24050,23400,1641,39019300,9025000000,380000
025440,대성엘텍,1100,15,1.38,1120,1120,1080,8363,9101240,19761354800,17964868
019570,대신개발금융,2480,-25,-1,2595,2635,2420,1841,4525815,12896000000,5200000
020180,대신정보통신,400,5,1.27,400,405,390,587974,234085265,15371566000,38428915
000380,대아건설,2755,-15,-0.54,2715,2780,2715,40662,111478960,31131500000,11300000
033030,대양이앤씨,5950,80,1.36,5900,5950,5820,3196,18860580,167635377350,28174013
006580,대양제지,4950,-130,-2.56,5060,5060,4900,10012,49484460,13290750000,2685000
038810,대영에이브이,3550,225,6.77,3335,3720,3230,65211,224221200,15184755800,4277396
016890,대웅화학,2960,110,3.86,2830,2960,2830,6090,17401620,12580000000,4250000
028040,대원SCN,530,-15,-2.75,545,555,520,255944,138874780,17170753970,32397649
005710,대원산업,24050,-450,-1.84,24500,24500,24000,16436,395783950,28860000000,1200000
060280,대원씨아이,2370,30,1.28,2400,2620,2280,43698,105340860,10665000000,4500000
048910,대원씨앤에이,7900,-280,-3.42,8280,8320,7860,135596,1101348510,44714000000,5660000
003310,대주산업,2380,-20,-0.83,2370,2450,2320,16498,38982580,8899379300,3739235
065500,대진공업,1000,-20,-1.96,1025,1025,990,121288,121696235,6354030000,6354030
065690,대진디엠피,8900,0,0,9100,9100,8800,27209,242257950,52065000000,5850000
054670,대한뉴팜,1670,-30,-1.76,1700,1720,1670,49977,84572120,12024000000,7200000
041500,대한바이오,1530,-60,-3.77,1610,1635,1510,1332135,2093788805,23686067700,15481090
023910,대한약품,2405,5,0.21,2440,2445,2405,5042,12185580,14430000000,6000000
026230,대현테크,575,20,3.6,565,575,555,59830,33654640,10764000000,18720000
067080,대화제약,1670,-50,-2.91,1735,1735,1670,124954,211956855,18136200000,10860000
037250,대흥멀티통신,890,35,4.09,855,900,845,985020,856522350,19664447650,22094885
045380,더존디지털,10000,-200,-1.96,10300,10450,9820,50604,508812860,43137640000,4313764
060410,데이타게이트,845,15,1.81,830,850,820,177726,148982580,4833400000,5720000
013650,데코,2345,250,11.93,1845,2345,1845,488351,1043171910,14982108855,6388959
053070,덱트론,1110,-10,-0.89,1100,1120,1095,34052,37510330,5616600000,5060000
047060,덴소풍성,7300,0,0,7300,7300,7300,5390,39347000,101181927400,13860538
039850,델타정보통신,1200,-25,-2.04,1230,1240,1180,73477,88913545,8808289200,7340241
027710,도드람B&F,915,-5,-0.54,920,930,910,86936,79836890,28290702915,30918801
036180,도원텔레콤,320,-40,-11.11,350,350,320,1999407,644680245,6777890880,21180909
005160,동국산업,1445,-80,-5.25,1525,1525,1430,615744,903746200,33235000000,23000000
042940,동문정보,270,-20,-6.9,290,300,260,131498,35296485,4707107910,17433733
042945,동문정보우,255,0,0,230,255,225,74286,16928335,867000000,3400000
007390,동보중공업,545,-25,-4.39,570,570,535,28526,15457705,5855834250,10744650
044640,동부정보기술,1040,0,0,1040,1065,1030,39807,41412545,6240000000,6000000
031960,동산진흥,12450,-150,-1.19,13300,14100,12450,796,10808100,8715000000,700000
026960,동서,8820,70,0.8,8750,8890,8720,52021,455926640,262836000000,29800000
055000,동서정보기술,2200,0,0,2175,2250,2080,204601,441786345,16280000000,7400000
025950,동신건설,22500,1000,4.65,22800,22800,20400,155,3306200,6300000000,280000
009730,동신에스엔티,610,-5,-0.81,625,630,600,901822,553437105,17610936680,28870388
041930,동아화성,950,-15,-1.55,985,985,920,21319,20011660,7980000000,8400000
023020,동양매직,1440,-50,-3.36,1510,1510,1430,30058,43757245,12096000000,8400000
030790,동양시스템즈,6100,50,0.83,6110,6250,6010,7549,45888930,16592000000,2720000
060380,동양에스텍,1475,35,2.43,1450,1485,1440,59294,86612620,10546250000,7150000
056340,동양크레디텍,6620,-80,-1.19,6890,6890,6450,96913,638356570,31776000000,4800000
007150,동양텔레콤,975,-10,-1.02,990,990,930,13958,13376970,7507500000,7700000
048640,동우에이엘티,6000,30,0.5,5970,6140,5970,1558,9325530,5520000000,920000
013120,동원개발,2580,40,1.57,2535,2580,2500,13496,34137590,23428489800,9080810
019560,동원창투,710,-40,-5.33,750,775,700,1896951,1405820670,35997000000,50700000
032960,동일기연,1920,45,2.4,1845,2090,1845,2564,4780665,13056000000,6800000
023790,동일철강,31300,500,1.62,30000,31300,30000,16,493150,2817000000,90000
005290,동진쎄미켐,3260,295,9.95,3060,3320,2980,3305369,10724150050,122576000000,37600000
054250,동진에코텍,1760,10,0.57,1730,1770,1720,24736,43175510,10205842240,5798774
025900,동화기업,3000,-50,-1.64,3005,3040,2905,8793,26225025,60346902000,20115634
053170,두리정보통신,1385,-150,-9.77,1530,1550,1355,178303,248188185,4570500000,3300000
033330,두림티앤씨,490,0,0,490,490,470,5807,2809340,5096000000,10400000
032590,두일통신,18550,1950,11.75,18550,18550,16600,115062,2078895950,15953000000,860000
035430,드림라인,1275,135,11.84,1005,1275,1005,5431851,6284110770,30121875000,23625000
052310,드림원,740,-10,-1.33,745,815,740,22141,16571640,3478000000,4700000
046390,디날리아이티,1300,120,10.17,1180,1300,1160,55772,68391420,7007393900,5390303
046400,디브이에스,1170,-20,-1.68,1210,1220,1055,1249983,1426087570,24544364130,20978089
066670,디스플레이텍,7940,-680,-7.89,8800,9300,7800,1440118,12669607570,69951400000,8810000
034750,디씨씨,1020,50,5.15,990,1020,980,34616,34637820,17977500000,17625000
039840,디에스아이,1000,5,0.5,1000,1010,990,25857,25786830,8708878000,8708878
065270,디엠티,5930,-70,-1.17,6010,6190,5640,50288,296054700,24787400000,4180000
044180,디와이,1560,-35,-2.19,1540,1585,1540,31797,49546180,15912000000,10200000
053200,디이시스,1070,-90,-7.76,1230,1230,1060,22306,23972495,4922000000,4600000
043360,디지아이,11600,900,8.41,11250,11850,11200,490973,5651059200,85840000000,7400000
060240,디지탈온넷,2335,-65,-2.71,2370,2430,2290,65709,154417245,19847500000,8500000
045970,디지탈캠프,885,-10,-1.12,885,920,855,90258,80174420,10871596650,12284290
046320,디지탈퍼스트,820,-50,-5.75,905,905,770,191378,159072075,10807600000,13180000
038340,디지털텍,2170,-230,-9.58,2380,2450,2160,299010,688426120,18601240000,8572000
033130,디지틀조선,1375,145,11.79,1320,1375,1310,808364,1100057295,51033492125,37115267
036170,라셈텍,1245,70,5.96,1225,1315,1225,1818660,2344211410,13663875000,10975000
047440,레이젠,5700,200,3.64,5650,5780,5430,1500080,8453624640,62879726700,11031531
065170,렉스진바이오,6970,-80,-1.13,7100,7100,6970,95810,672168870,42210320000,6056000
026040,로만손,1025,0,0,1030,1035,1020,11362,11669600,10250000000,10000000
043220,로이트,485,-5,-1.02,480,495,470,329957,158652970,10947777445,22572737
014190,로지트,1440,0,0,1430,1440,1415,4329,6206295,17536138560,12177874
034600,로커스,5080,-20,-0.39,5160,5220,5050,300139,1537748620,70264131760,13831522
044370,로토토,1540,-50,-3.14,1600,1620,1475,664448,1025157630,21708061760,14096144
051170,루보,1050,-5,-0.47,1035,1065,1015,12718,13316090,7245000000,6900000
067130,룸앤데코,4200,65,1.57,4100,4200,4000,54512,223687605,21422805600,5100668
058470,리노공업,8260,40,0.49,8350,8560,8240,356910,2998283590,60240180000,7293000
056140,리더컴,1410,-20,-1.4,1405,1475,1400,21783,30961015,4730719200,3355120
012700,리드코프,6120,20,0.33,6130,6280,6070,747822,4618077290,77084876160,12595568
042500,링네트,1165,0,0,1155,1170,1150,47876,55610365,7223000000,6200000
038920,링크웨어,2840,-240,-7.79,3035,3035,2775,21525,62174150,15453101720,5441233
032860,마담포라,1575,165,11.7,1415,1575,1380,179447,259832350,4749822000,3015760
045400,마스타테크론,805,-10,-1.23,795,825,775,33218,26269600,4669000000,5800000
038290,마크로젠,10350,-300,-2.82,10800,10900,10350,81186,860040600,47510640000,4590400
005990,매일유업,3560,-10,-0.28,3640,3640,3550,41613,148654725,47704000000,13400000
036880,맥시스템,375,-30,-7.41,395,430,365,5415609,2164646250,8322792000,22194112
056200,메디오피아,525,-20,-3.67,535,535,490,163895,82585115,4861500000,9260000
065650,명진아트,2450,-230,-8.58,2580,2600,2450,15693,39299525,6370000000,2600000
028090,명화네트,7000,150,2.19,6910,7100,6880,1045,7320600,3640000000,520000
048150,모닷텔,855,-30,-3.39,875,890,810,123713,104738330,7866000000,9200000
046000,모디아,1995,-250,-11.14,1980,2245,1980,6897837,14117771410,15190001820,7614036
036610,모바일원,480,-65,-11.93,480,480,480,48211,23141280,13309465920,27728054
051810,모보아이피씨,1870,105,5.95,1765,1900,1765,2830,5124795,12903000000,6900000
036600,모션헤즈,1120,-65,-5.49,1160,1175,1070,853264,950782720,34946185120,31201951
033200,모아텍,13650,-350,-2.5,14500,14550,13550,313480,4377079650,135757440000,9945600
006920,모헨즈,580,50,9.43,535,580,530,271702,151641710,4872000000,8400000
001810,무림제지,8540,-10,-0.12,8600,8600,8460,12160,103494400,17186750000,2012500
033920,무학,2990,-45,-1.48,3100,3145,2950,94549,291895765,74750000000,25000000
034510,무한투자,1405,-35,-2.43,1430,1430,1350,185341,257343900,8193319320,5831544
066850,미광콘택트,7300,30,0.41,7300,7610,7300,26588,198444850,41354500000,5665000
038390,미디어솔루션,4460,110,2.53,4375,4480,4355,16672,73644450,13729543580,3078373
052540,미래셀렉티브MF,5070,0,0,0,0,0,0,0,113997160290,22484647
067700,미래오리엔탈-MF,4880,0,0,0,0,0,0,0,24790400000,5080000
042950,미래코리아1MF,4300,0,0,4235,4300,4235,2546,10945850,28558020000,6641400
018890,미르피아,505,-15,-2.88,515,545,505,869394,454888860,16135031285,31950557
002670,미주제강,860,-10,-1.15,835,860,770,63043309,50123824500,50609280000,58848000
018700,바른손,445,-10,-2.2,455,475,445,5789774,2640663465,26668550960,59929328
064520,바른전자,2500,-70,-2.72,2570,2630,2265,540552,1275099660,14420000000,5768000
053030,바이넥스,3180,-55,-1.7,3240,3265,3180,64130,204970710,14946000000,4700000
027830,바이넥스트,480,-5,-1.03,480,480,460,42960,20231290,19200000000,40000000
052260,바이오랜드,3140,-15,-0.48,3135,3170,3115,32768,102529240,20096000000,6400000
053110,바이오메디아,700,35,5.26,665,740,665,168561,118561205,4155169900,5935957
041830,바이오스페이,5260,180,3.54,5080,5300,5080,53618,278607720,29982000000,5700000
035960,바이오시스,500,-20,-3.85,525,535,490,828153,422465290,9403200000,18806400
038720,반도체ENG,4360,100,2.35,4355,4550,4250,158802,700946240,25749811200,5905920
036260,반포텍,2185,-15,-0.68,2170,2200,2170,2801,6137435,5517125000,2525000
046310,백금정보통신,2685,10,0.37,2700,2770,2680,26539,72167580,18633900000,6940000
066110,백산OPC,11450,-150,-1.29,12000,12250,11200,1191064,14009500400,175185000000,15300000
036620,버추얼텍,3270,-50,-1.51,3350,3380,3250,304527,1008052275,39400164600,12048980
002480,범양사,7010,10,0.14,0,0,0,0,0,4576913120,652912
037630,벤트리,1545,-60,-3.74,1610,1620,1530,1611806,2530725100,37128995040,24031712
053470,벨코정보통신,870,5,0.58,865,890,865,91008,79636385,5429869230,6241229
014100,보령메디앙스,895,-120,-11.82,1010,1025,895,151430,137374610,8234000000,9200000
006910,보성파워텍,560,10,1.82,545,570,545,40659,22696310,7862400000,14040000
060230,보이스웨어,2600,-155,-5.63,2750,2840,2580,172294,459421675,19968000000,7680000
030950,보진재,6740,190,2.9,6550,6740,6400,14690,95682450,7279200000,1080000
048550,볼빅,1210,20,1.68,1190,1240,1180,30019,36093560,11761200000,9720000
026940,부국철강,10100,300,3.06,10100,10200,10000,4683,47058650,12524000000,1240000
014470,부방테크론,3700,50,1.37,3650,3700,3600,686,2495620,4958000000,1340000
025270,부산방직,5570,-130,-2.28,5940,5940,5540,1122,6254610,4456000000,800000
007830,부산저축은행,9400,90,0.97,9700,9700,9400,501,4709700,40732080000,4333200
019430,부산창업투자,970,-60,-5.83,1045,1080,965,2074597,2108593875,19400000000,20000000
049690,브레인컨설팅,1955,15,0.77,1950,1955,1880,8665,16574690,8406500000,4300000
043610,블루코드,2340,35,1.52,2360,2375,2300,40346,93502325,11700000000,5000000
053590,비젼텔레콤,675,70,11.57,610,675,610,3035939,1956681800,23754597300,35191996
053595,비젼텔레콤우,320,25,8.47,295,330,290,437279,135455355,3712000000,11600000
054220,비츠로시스,2085,-20,-0.95,2075,2180,2050,7626,15835395,16680000000,8000000
042370,비츠로테크,1850,-15,-0.8,1860,1875,1840,36100,66807800,16187500000,8750000
032850,비트컴퓨터,1425,-5,-0.35,1410,1460,1400,56136,80183770,18766702800,13169616
032680,비티씨정보,710,-50,-6.58,760,775,700,2083408,1520992990,41291859790,58157549
032685,비티씨정보우,1245,-65,-4.96,1350,1350,1155,2610,3269115,1245000000,1000000
065450,빅텍,3460,5,0.14,3455,3560,3415,45807,159677995,15224000000,4400000
040020,사라콤,2090,-110,-5,2165,2165,1945,17281,36347260,12122000000,5800000
052560,사이어스,1050,-140,-11.76,1195,1240,1050,360867,406066720,5388222000,5131640
016100,산성피앤씨,1220,-20,-1.61,1240,1240,1180,26286,31517710,4709200000,3860000
014970,삼륭물산,6870,170,2.54,6850,6870,6700,4028,27671320,6955875000,1012500
018310,삼목정공,1380,-70,-4.83,1450,1460,1375,44182,61968610,13524000000,9800000
016670,삼미정보,610,-15,-2.4,605,625,600,12915,7848700,3477000000,5700000
009620,삼보산업,92900,6300,7.27,92900,92900,92900,2,185800,13006000000,140000
035400,삼보정보통신,240,0,0,240,245,240,1849147,444223940,13859736000,57748900
023600,삼보판지,9650,-50,-0.52,9750,9750,9650,1253,12206600,13510000000,1400000
009300,삼아약품,4525,-10,-0.22,4530,4560,4520,7480,33920870,28281250000,6250000
054540,삼영엠텍,415,0,0,420,425,410,98830,41334225,4565000000,11000000
065570,삼영이엔씨,3720,40,1.09,3680,3800,3580,197848,726597030,29760000000,8000000
023810,삼영케불,1470,-5,-0.34,1450,1480,1440,4733,6922585,9613800000,6540000
019120,삼우,1570,10,0.64,1550,1745,1500,34640,57693885,9482800000,6040000
026250,삼우이엠씨,2700,90,3.45,2650,2815,2650,481638,1316755915,39999960000,14814800
031860,삼우통신공업,1000,10,1.01,1030,1030,985,24191,24000345,12000000000,12000000
037760,삼원정밀금속,635,65,11.4,575,635,575,260396,161117395,14732000000,23200000
032280,삼일,1400,0,0,1400,1450,1350,12985,18055730,12006792000,8576280
002290,삼일기업공사,4980,-15,-0.3,4925,4995,4925,739,3658890,6175200000,1240000
041310,삼일인포마인,2365,-40,-1.66,2430,2580,2200,8196,18784425,13206462720,5584128
009520,삼정피앤에이,7090,90,1.29,7000,7090,6980,5128,35890390,21270000000,3000000
037460,삼지전자,1565,165,11.79,1450,1565,1450,95893,146723135,19562500000,12500000
032750,삼진,6250,320,5.4,6130,6400,5780,1129,6796370,3750000000,600000
000250,삼천당제약,1690,0,0,1720,1720,1680,185703,315551550,33800000000,20000000
024950,삼천리자전,1185,-15,-1.25,1190,1215,1165,95693,112826860,11850000000,10000000
031330,삼테크,4420,20,0.45,4500,4510,4310,475051,2091166355,44200000000,10000000
017480,삼현철강,1500,10,0.67,1510,1510,1470,963,1435705,11777167500,7851445
010960,삼호개발,545,-15,-2.68,560,565,540,88691,48728160,7793500000,14300000
033210,삼화기연,755,-25,-3.21,780,780,740,124686,95272235,3775000000,5000000
041650,상신브레이크,1450,50,3.57,1400,1450,1360,53769,76001290,21771750000,15015000
042600,새로닉스,1180,15,1.29,1170,1205,1165,31410,36816730,14160000000,12000000
035610,새롬기술,7040,-40,-0.56,7220,7260,6970,1941157,13793852540,255000894720,36221718
065620,샤인,1220,130,11.93,1120,1220,1120,705342,854658820,14030000000,11500000
066300,샤인시스템,1545,-5,-0.32,1560,1590,1500,38101,58927800,22248000000,14400000
038530,서두인칩,1150,-5,-0.43,1155,1195,1150,172570,201021110,13800000000,12000000
006730,서부트럭터미,11250,0,0,11100,11250,10900,975,10722050,16098750000,1431000
046890,서울반도체,16600,100,0.61,16950,17100,16300,633674,10559503050,189714760000,11428600
031950,서울시스템,380,-10,-2.56,385,395,380,1083460,419834900,10579707300,27841335
036120,서울신용평가,900,5,0.56,890,900,825,11783,10163155,15750000000,17500000
031390,서울이동통신,825,-25,-2.94,850,850,820,196333,162547340,8592381600,10415008
032980,서울일렉트론,485,-10,-2.02,495,500,485,426793,208260415,10307414000,21252400
027040,서울전자통신,1370,0,0,0,0,0,0,0,3464217620,2528626
018680,서울제약,2825,-195,-6.46,2975,3020,2825,4952,14183990,8828125000,3125000
016140,서주관광개발,30550,-350,-1.13,30900,31500,30550,651,20343700,15275000000,500000
011370,서한,450,-5,-1.1,455,465,450,4467640,2038816275,40009889250,88910865
065710,서호전기,1710,-25,-1.44,1740,1740,1660,10944,18417895,8806500000,5150000
033790,서화정보통신,1950,25,1.3,1910,1955,1875,62794,121302180,16857750000,8645000
035890,서희건설,575,0,0,580,585,570,107928,61997475,10465000000,18200000
003100,선광,3600,100,2.86,3550,3670,3500,73533,264564575,23760000000,6600000
064090,선광전자,2460,-40,-1.6,2500,2550,2460,14602,36385990,10455000000,4250000
050110,선양테크,840,20,2.44,825,910,820,137938,119455300,7056000000,8400000
066430,선우엔터테인,2350,0,0,2355,2370,2270,22388,52623780,17155733200,7300312
014620,성광벤드,835,35,4.38,800,840,800,82997,67783635,23881000000,28600000
041140,성광엔비텍,1600,0,0,1585,1600,1480,291514,452297965,10068800000,6293000
037350,성도이엔지,1440,60,4.35,1420,1455,1415,123596,176952985,21600000000,15000000
045300,성우테크론,1585,165,11.62,1410,1585,1410,162234,242339440,9193000000,5800000
015750,성우하이텍,1130,50,4.63,1080,1135,1080,52178,58438370,27120000000,24000000
015200,성원파이프,1545,-25,-1.59,1515,1600,1500,23507,35902465,9270000000,6000000
026220,성진네텍,535,5,0.94,555,555,530,35047,18869155,4215205080,7878888
037650,성진산업,1010,50,5.21,960,1015,925,6261,5889715,9127087200,9036720
043260,성호전자,1255,-35,-2.71,1320,1345,1250,688022,896055750,17946500000,14300000
053320,세고,1590,-20,-1.24,1570,1650,1570,34092,54137145,5565000000,3500000
024940,세광알미늄,5230,-150,-2.79,5300,5480,5200,556,2902240,5230000000,1000000
035450,세넥스테크,525,0,0,530,530,500,793733,410436000,11598231225,22091869
053060,세동,1160,-20,-1.69,1150,1180,1150,22433,26170025,7101752000,6122200
048430,세림테크,1320,30,2.33,1400,1400,1320,15554,21259290,9504000000,7200000
017510,세명전기,870,0,0,895,895,830,74325,63910390,13264020000,15246000
011560,세보엠이씨,1430,-170,-10.63,1630,1630,1430,100712,151175720,7722000000,5400000
033020,세아메탈,585,0,0,610,610,560,6917,3941815,8283600000,14160000
053810,세안아이티,2450,0,0,2400,2575,2380,5166,12460465,9800000000,4000000
024830,세원물산,1130,-10,-0.88,1140,1185,1080,7126,8035175,9435500000,8350000
036910,세원텔레콤,840,-15,-1.75,855,875,840,1006692,863788450,38819828040,46214081
034660,세인전자,1220,-70,-5.43,1255,1280,1200,111866,137391965,8905541280,7299624
039310,세중나모,4305,5,0.12,4250,4400,4250,12167,52717485,22386000000,5200000
053450,세코닉스,26300,-200,-0.75,27050,27600,26050,196196,5252647600,147490820800,5608016
009010,세화,4830,30,0.63,4820,4900,4750,9468,46149150,11123035980,2302906
035010,소예,2395,-20,-0.83,2385,2420,2385,19571,47033595,23950000000,10000000
065440,소프텔,4705,80,1.73,4700,4730,4625,154294,720392445,28371150000,6030000
037320,소프트랜드,1250,-10,-0.79,1280,1300,1150,51650,63530345,7731992500,6185594
052190,소프트맥스,5200,-470,-8.29,5740,5740,5150,126427,679638500,31200000000,6000000
054920,소프트포럼,3285,-55,-1.65,3385,3385,3280,75099,248886400,26345700000,8020000
043100,솔고바이오,5000,190,3.95,4800,5000,4690,756956,3652004410,74675000000,14935000
044440,솔빛미디어,540,5,0.93,530,540,525,74300,39268045,7560000000,14000000
053040,솔빛텔레콤,820,50,6.49,770,820,730,59116,45317600,3280000000,4000000
056500,슈마일렉트론,1560,110,7.59,1460,1560,1360,38559,55481835,6864000000,4400000
017050,스타맥스,1400,-50,-3.45,1495,1505,1390,19053538,27890995375,56774453400,40553181
013810,스페코,850,-30,-3.41,880,890,850,63539,54536220,12852000000,15120000
049830,승일제관,3220,-70,-2.13,3330,3340,3200,8999,29350270,11076800000,3440000
020710,시공테크,1755,-25,-1.4,1765,1835,1750,373310,667139690,34474377600,19643520
050600,시그마컴,495,0,0,495,500,460,109710,53403815,4817174670,9731666
052970,시그엔,810,-20,-2.41,810,835,800,50784,41389080,4584600000,5660000
060250,시스네트,1100,-35,-3.08,1120,1140,1065,12370,13640910,6600000000,6000000
055970,시스윌,4935,525,11.9,4440,4935,4400,265135,1238487510,37999500000,7700000
066330,시큐리티KOR,540,10,1.89,535,545,530,183652,98234375,5400000000,10000000
037060,시큐어소프트,1600,0,0,1630,1705,1585,594154,972944435,17306540800,10816588
001000,신라섬유,1745,-235,-11.87,1745,1745,1745,2434,4247330,5235000000,3000000
025870,신라수산,1680,-40,-2.33,1695,1710,1640,11838,19847470,6720000000,4000000
031920,신민저축은행,5250,0,0,5180,5250,5070,2347,12141270,6300000000,1200000
021880,신보캐피탈,1445,50,3.58,1380,1500,1380,29450,42371345,11992079565,8299017
035510,신세계I&C,23850,600,2.58,23500,24500,23300,11013,264342550,41022000000,1720000
031440,신세계푸드,34900,-50,-0.14,35100,35600,34500,7960,278065150,119658140000,3428600
025320,신양피앤피,1670,0,0,1655,1680,1645,8799,14609565,8350000000,5000000
019590,신영기술금융,2900,-45,-1.53,2900,3000,2835,4337,12557115,6699000000,2310000
054370,신영텔레콤,320,-40,-11.11,345,350,320,3505037,1168166400,6748124480,21087889
017000,신원종합개발,1700,-30,-1.73,1710,1785,1670,146556,250260745,18016470800,10597924
012790,신일제약,1395,20,1.45,1390,1410,1380,38886,54119460,11020500000,7900000
012860,신창전기,2300,150,6.98,2150,2350,2150,763403,1730772750,34891000000,15170000
032040,신천개발,740,-5,-0.67,740,750,735,56862,42227930,11840000000,16000000
054530,신한SIT,2540,-345,-11.96,2850,2880,2540,1719211,4491825145,11444157960,4505574
056700,신화인터텍,5260,560,11.91,4990,5260,4730,543185,2791639160,37609000000,7150000
054650,신화정보,5170,-460,-8.17,5550,5700,5000,75313,401665870,16213120000,3136000
047600,실리콘테크,725,25,3.57,700,765,700,1220205,891715860,11823909725,16308841
036710,심텍,2845,80,2.89,2870,2980,2770,1126075,3259690205,77384000000,27200000
037240,싸이버텍,1795,-30,-1.64,1835,1855,1795,1000557,1824373065,39490000000,22000000
033260,쌈지,1170,-45,-3.7,1210,1210,1150,107534,126182235,16328853450,13956285
012650,쌍용건설,2310,-10,-0.43,2320,2335,2270,47476,109046050,63718684260,27583846
012655,쌍용건설우,596000,0,0,0,0,0,0,0,272370212000,456997
010280,쌍용정보통신,1560,75,5.05,1480,1605,1480,281663,437201135,42120000000,27000000
023770,써니YNK,2910,-20,-0.68,3000,3000,2885,1035000,3030752525,58399646370,20068607
060670,썬코리아전자,4600,-10,-0.22,4650,4710,4315,300013,1352510005,27600000000,6000000
053050,썬텍,1525,35,2.35,1490,1550,1480,53901,81381315,6100000000,4000000
056020,썸텍,7300,310,4.43,7300,7820,7210,428337,3213956690,20739745300,2841061
041550,쎄라텍,3920,-200,-4.85,4200,4220,3920,167721,673351195,45080000000,11500000
049960,쎌바이오텍,5940,-60,-1,6180,6180,5940,282094,1707641280,42768000000,7200000
067290,쓰리쎄븐,6300,-300,-4.55,6700,6700,6300,40902,261908490,27720000000,4400000
032580,씨.엔.아이,460,-20,-4.17,475,480,450,345932,160509160,10396373980,22600813
037600,씨모스,665,55,9.02,610,670,610,200888,127044270,11444181840,17209296
066790,씨씨에스,6990,20,0.29,7300,7300,6780,278752,1963178300,32908920000,4708000
038880,씨앤에스,1300,5,0.39,1300,1360,1290,809452,1059964720,18909150000,14545500
035710,씨앤텔,305,10,3.39,300,330,295,1926303,590461845,8951850345,29350329
038420,씨엔씨엔터,3780,-80,-2.07,3920,3960,3730,784540,2997968630,66339000000,17550000
054180,씨오텍,1760,-70,-3.83,1835,1860,1760,137966,248560875,10841600000,6160000
052640,씨큐리콥,3245,345,11.9,2905,3245,2905,310420,973506395,26879886110,8283478
060590,씨티씨바이오,5220,-280,-5.09,5580,5580,5210,156294,835548960,20379924000,3904200
013990,아가방,20600,100,0.49,20700,20850,20550,14556,301029000,57680000000,2800000
050320,아남정보기술,1150,-75,-6.12,1220,1220,1150,15805,18805005,6572250000,5715000
035900,아라리온,480,25,5.49,455,495,450,476280,227565390,7695555360,16032407
052710,아모텍,15800,-1800,-10.23,17850,18000,15500,772848,12548290450,153007200000,9684000
036010,아비코전자,1515,15,1,1500,1540,1480,117593,177164570,17907300000,11820000
013340,아세아조인트,695,20,2.96,660,700,615,371287,252480300,11891450000,17110000
020560,아시아나항공,2380,0,0,2430,2445,2370,1494840,3580989925,404600000000,170000000
054800,아이디스,16950,-150,-0.88,17500,17500,16950,233805,4017391750,165093000000,9740000
053700,아이디씨텍,1180,-20,-1.67,1200,1220,1100,106525,123938275,6009740000,5093000
037830,아이빌소프트,340,-15,-4.23,350,355,325,2645306,894333835,11997718720,35287408
038100,아이엠아이티,795,35,4.61,760,820,760,450260,356418395,8617780125,10839975
039000,아이엠알아이,850,-75,-8.11,925,925,850,347435,304875600,10265314000,12076840
031310,아이즈비전,6780,80,1.19,6700,6790,6640,16529,111012160,7719592740,1138583
065810,아이콜스,1015,15,1.5,1010,1040,995,435137,439857440,11368000000,11200000
008030,아이텍스필,1100,-35,-3.08,1120,1170,1050,25441,27545810,6954104300,6321913
052300,아이티,700,40,6.06,690,725,690,106706,75360120,6615000000,9450000
057110,아이티센,605,10,1.68,580,615,580,170828,101969885,3993000000,6600000
046940,아이티플러스,2760,10,0.36,2750,2860,2720,43981,122211710,16836000000,6100000
032080,아즈텍WB,11900,0,0,11700,12000,11700,1078,12902750,17024235200,1430608
065180,아쿠아테크,3740,30,0.81,3740,3740,3510,2664,9813695,19448000000,5200000
013780,아큐텍반도체,1990,90,4.74,1950,2070,1930,170862,343143790,8831283690,4437831
030530,아토,4405,120,2.8,4430,4690,4370,2457492,11138845855,69412272050,15757610
038110,아폴로,3000,-165,-5.21,3210,3240,2950,123409,373394370,28500000000,9500000
001540,안국약품,1880,-15,-0.79,1895,1910,1870,52662,99251030,21620000000,11500000
053800,안철수연구소,17450,-150,-0.85,17700,17950,17400,163891,2898244250,131468893300,7534034
025970,알덱스,895,5,0.56,890,915,870,44768,40120325,17290783345,19319311
021570,알루코,630,0,0,630,630,620,19144,11959775,8170029000,12968300
061040,알에프텍,8100,-180,-2.17,8350,8350,7910,563363,4556098120,62370000000,7700000
032290,알티전자,4490,290,6.9,4215,4530,4190,134804,582982520,44900000000,10000000
052790,액토즈소프트,15050,750,5.24,14800,15450,14500,577169,8673774100,89442150000,5943000
047710,액티패스,1905,-25,-1.3,1920,1950,1875,89775,170873770,9921240000,5208000
054620,앤콤,1975,-225,-10.23,2170,2170,1955,65351,130733745,4858500000,2460000
059720,야호,5580,30,0.54,5600,5690,5550,138745,777250150,32922000000,5900000
030960,양지사,9810,-180,-1.8,9990,9990,9800,2234,22035280,15676380000,1598000
049470,어드밴텍,1170,10,0.86,1195,1200,1170,43914,51689440,12051000000,10300000
038320,어울림정보,2440,45,1.88,2400,2470,2390,62274,151208965,12444000000,5100000
035290,에듀박스,570,0,0,585,590,570,1014708,584736620,23647114620,41486166
038680,에스넷,1695,-50,-2.87,1730,1750,1680,172644,293155840,27247489425,16075215
066930,에스디,17700,150,0.85,17800,18900,17000,261754,4722882350,107970000000,6100000
051780,에스비텍,2595,-310,-10.67,2800,2860,2565,35980,94900830,10308637500,3972500
042110,에스씨디,1680,75,4.67,1555,1680,1555,1165,1902815,14700000000,8750000
056190,에스에프에이,17300,200,1.17,17500,17550,16800,738195,12618970500,157603000000,9110000
057500,에스엔티,2220,70,3.26,2150,2250,2150,40312,89085405,13220346420,5955111
041510,에스엠,5390,-170,-3.06,5690,5690,5200,94258,507283270,23728008920,4402228
032610,에스오케이,1715,-80,-4.46,1795,1795,1680,42056,72117130,6760483695,3941973
061050,에스제이윈텍,1570,50,3.29,1505,1570,1460,17541,26677860,18840000000,12000000
052020,에스켐,1900,20,1.06,1900,1910,1810,4253,7942920,10260000000,5400000
039440,에스티아이,3900,120,3.17,3900,3930,3700,339292,1290358535,25740000000,6600000
058610,에스피지,5230,-230,-4.21,5550,5740,5220,90754,507476440,36610000000,7000000
039110,에스피컴텍,1820,10,0.55,1800,1930,1775,43684,80035150,15975452220,8777721
043340,에쎈테크,715,15,2.14,710,720,700,31281,22098500,5005000000,7000000
031800,에쓰에쓰아이,490,-10,-2,525,555,485,23318034,12237427805,50437487030,102933647
058550,에어로텔레콤,1025,-35,-3.3,1060,1070,990,32612,33453670,3872450000,3778000
054630,에이디칩스,8790,460,5.52,8360,9030,8360,460327,4006271130,45708000000,5200000
036550,에이스디지텍,5780,50,0.87,5730,5940,5580,2640402,15239136250,95632701000,16545450
038690,에이스일렉,1300,10,0.78,1315,1350,1290,38545,50386535,7800000000,6000000
003800,에이스침대,20250,-50,-0.25,20300,20300,19850,1006,20062000,44914500000,2218000
032930,에이스테크,5270,-280,-5.05,5500,5600,5260,113607,610056760,49881382660,9465158
058370,에이에스이,4550,45,1,4465,4670,4465,17227,78527140,16675750000,3665000
044770,에이엠에스,1265,-20,-1.56,1310,1310,1245,152935,194614640,7273750000,5750000
045660,에이텍시스템,1900,55,2.98,1905,1960,1860,431216,823752120,21736000000,11440000
052510,에코솔루션,860,-20,-2.27,900,900,790,34778,29038770,6914400000,8040000
053440,에프에스텍,6180,80,1.31,6290,6290,5820,879,5368140,5129400000,830000
036810,에프에스티,1575,165,11.7,1520,1575,1480,943233,1459340250,15790068000,10025440
014420,에프와이디,590,25,4.42,565,595,565,474448,275137040,8411510820,14256798
036630,엑세스텔레콤,390,-10,-2.5,395,415,370,702948,279002550,4251598650,10901535
048460,엑큐리스,805,25,3.21,785,815,785,291746,233897905,14168000000,17600000
047940,엔바이오테크,4025,430,11.96,3630,4025,3630,764713,3031828125,36836800000,9152000
054170,엔빅스,1495,-25,-1.64,1520,1545,1455,40706,61094345,14950000000,10000000
037750,엔써,765,-100,-11.56,825,860,765,958000,750719730,4685625000,6125000
053250,엔에스아이,825,-20,-2.37,855,860,815,376547,317823400,10009014675,12132139
053980,엔에이씨정보,1155,-105,-8.33,1265,1270,1140,324909,385181565,6006000000,5200000
068420,엔터기술,29000,-500,-1.69,30000,30200,28600,170571,4992098650,152873500000,5271500
035500,엔터원,505,-35,-6.48,540,555,500,494350,259668710,7730623325,15308165
040130,엔플렉스,500,50,11.11,460,500,455,2687981,1300335000,9970741000,19941482
048830,엔피케이,1830,5,0.27,1910,1910,1820,3107,5768755,8213040000,4488000
046720,엔하이테크,2400,-15,-0.62,2500,2500,2360,32818,79236475,13141440000,5475600
066970,엘앤에프,3990,-10,-0.25,4050,4195,3860,589699,2403063825,34912500000,8750000
031970,엠바이엔,730,0,0,0,0,0,0,0,3105937570,4254709
025980,엠씨타운,1325,-20,-1.49,1345,1380,1320,32628,43691700,5565000000,4200000
065420,엠아이자카텍,1115,60,5.69,1040,1115,1035,111791,120793035,4794500000,4300000
009780,엠에스씨,9100,-80,-0.87,9000,9100,8900,561,5003880,8008000000,880000
033160,엠케이전자,4265,35,0.83,4270,4390,4150,21009,88916855,29002000000,6800000
002680,영남제분,940,20,2.17,920,940,910,701095,650645920,19552000000,20800000
007530,영신금속,5500,130,2.42,5490,5900,5350,5777,31714120,3300000000,600000
015050,영실업,4635,-215,-4.43,4670,4890,4630,15709,73412865,7969006485,1719311
051390,영우통신,4215,-15,-0.35,4420,4460,4000,484415,2028528620,42697950000,10130000
053890,영진닷컴,2050,-90,-4.21,2150,2200,2030,53851,112464775,20500000000,10000000
036560,영풍정밀,6540,190,2.99,6430,6550,6350,2379,15297640,10300500000,1575000
049000,예당,3920,420,12,3550,3920,3460,1912020,7140918170,45878492240,11703697
066200,예스컴,7720,-280,-3.5,8130,8210,7680,147434,1164176320,32937380000,4266500
046840,예스테크,1295,-175,-11.9,1470,1475,1295,200963,270364445,8011906000,6186800
033850,옌트,790,0,0,785,800,775,941656,739624935,18687401810,23654939
033855,옌트우,370,-10,-2.63,355,370,340,16785,5830665,840049850,2270405
045060,오공,1370,5,0.37,1370,1390,1350,8647,11871060,11072340000,8082000
041590,오디티,1130,-30,-2.59,1180,1180,1120,70087,80644065,7345000000,6500000
039830,오로라,2360,-5,-0.21,2400,2400,2300,19527,45632885,20390400000,8640000
014940,오리엔탈정공,1190,30,2.59,1160,1195,1140,334472,390611175,20468000000,17200000
046350,오리엔텍,555,-75,-11.9,630,630,555,991480,568971130,6515700000,11740000
010470,오리콤,9200,-210,-2.23,9420,9420,9010,15160,139525910,19136000000,2080000
058680,오브제,4830,-10,-0.21,4745,4830,4700,9259,43989890,14490000000,3000000
052420,오성엘에스티,10200,0,0,10500,10600,9930,1359231,13756147080,103978534800,10193974
049480,오픈베이스,1320,-20,-1.49,1310,1350,1290,52280,68477970,7167600000,5430000
043790,옥션,82000,-2800,-3.3,86300,87000,81400,58662,4906354600,1048781640000,12790020
057680,옴니텔,6000,270,4.71,5760,6020,5730,1008487,5943283490,46560000000,7760000
010170,옵토매직,3750,-255,-6.37,4100,4100,3525,64609,238962575,27000000000,7200000
036790,와이드텔레콤,295,30,11.32,265,295,265,746473,218608285,6020804270,20409506
033310,와이즈콘트롤,425,20,4.94,410,430,410,593384,250368895,9207738475,21665267
019210,와이지-원,2390,115,5.05,2255,2420,2255,217017,512366250,51655619700,21613230
025920,우경철강,5510,585,11.88,5510,5510,5490,78219,430964470,5620200000,1020000
032820,우리기술,4010,-15,-0.37,3960,4050,3960,31382,125289000,25824400000,6440000
041190,우리기술투자,1250,50,4.17,1275,1340,1220,6527161,8433514285,50000000000,40000000
040420,우리별텔레콤,1690,-10,-0.59,1800,1800,1675,10916,18622465,10140000000,6000000
037400,우리조명,2045,-255,-11.09,2370,2380,2025,1778303,3819668820,25767000000,12600000
043580,우석에스텍,735,-5,-0.68,745,745,715,52421,37983255,14259000000,19400000
066590,우수기계,2330,25,1.08,2305,2395,2280,110698,257059795,7991900000,3430000
060550,우수씨엔에스,1625,10,0.62,1690,1690,1615,47076,76920150,7800000000,4800000
012460,우영,7560,810,12,7000,7560,6880,8766201,63298266420,200874492000,26570700
045880,우전시스텍,900,-30,-3.23,905,935,900,54964,49958295,8820000000,9800000
054080,우주통신,3680,55,1.52,3700,3730,3640,109316,402809075,49680000000,13500000
049800,우진세렉스,3800,170,4.68,3740,3800,3600,421374,1569660175,30400000000,8000000
056060,우진코리아,7600,-60,-0.78,7710,8570,7510,478810,3922010420,52739979600,6939471
004320,울트라건설,2925,100,3.54,2850,2950,2825,11109,32016665,19543770675,6681631
004325,울트라건설우,1705,85,5.25,1725,1755,1595,11268,18908650,2387000000,1400000
032940,원익,3430,280,8.89,3230,3525,3180,1672639,5626539780,51450000000,15000000
054440,원일정기,810,-25,-2.99,850,850,800,1571,1296030,5036580000,6218000
012620,원일특강,1450,-25,-1.69,1545,1545,1420,5358,7631270,6380000000,4400000
008370,원풍,850,10,1.19,835,850,810,27846,22898320,10200000000,12000000
008290,원풍물산,4180,140,3.47,3950,4270,3950,5907,23785945,4944940000,1183000
032030,월드조인트,1095,5,0.46,1100,1120,1070,27125,29722790,7227000000,6600000
047610,월드텔레콤,620,-45,-6.77,665,680,610,1010172,649306550,14817476720,23899156
036000,웨스텍코리아,1900,135,7.65,1820,1975,1820,27069,51273675,17988573000,9467670
035830,웰링크,1160,-25,-2.11,1200,1230,1155,266188,312568105,16240000000,14000000
069080,웹젠,131500,-3000,-2.23,136400,137500,131500,136061,18231521700,460250000000,3500000
044340,위닉스,5640,270,5.03,5450,5700,5400,167308,930588550,30207840000,5356000
056810,위다스,760,0,0,760,770,745,86214,65323530,10792000000,14200000
046430,위디츠,4915,-75,-1.5,5030,5040,4910,158874,787583340,25312250000,5150000
051980,위자드소프트,2005,-25,-1.23,2030,2075,2005,218470,446645395,9678937000,4827400
038620,위즈정보기술,1910,30,1.6,1950,1970,1890,115837,222736500,13350900000,6990000
039390,윌텍정보통신,1305,-115,-8.1,1420,1520,1270,702080,1009131230,7503750000,5750000
033270,유나이티드,1635,40,2.51,1595,1670,1590,348754,570647830,23542183515,14398889
044480,유니더스,1780,190,11.95,1595,1780,1590,290762,515083775,15308000000,8600000
038870,유니보스아이,1685,-30,-1.75,1655,1710,1510,1286390,2057347425,25695239000,15249400
036200,유니셈,2570,100,4.05,2550,2630,2500,363265,936217415,28114065250,10939325
018000,유니슨,1800,0,0,1800,1880,1790,9395,16945410,32400000000,18000000
034010,유니와이드,1715,-5,-0.29,1765,1785,1710,146157,253720085,17953477500,10468500
011320,유니크,530,15,2.91,520,540,510,176332,92331055,5826199900,10992830
039040,유니텍전자,1480,45,3.14,1440,1480,1440,56801,82642240,10585449880,7152331
024800,유성티엔에스,4790,-110,-2.24,4890,4890,4675,43730,208096975,17962500000,3750000
054930,유신,7520,40,0.53,7630,7690,7400,3268,24525200,22560000000,3000000
069330,유아이디,11950,-750,-5.91,12100,13100,11400,585316,7150916500,58077000000,4860000
036500,유원컴텍,1025,15,1.49,1000,1035,1000,38102,38720580,9807200000,9568000
049520,유일전자,32600,300,0.93,33500,33600,32150,99803,3274054500,365120000000,11200000
023410,유진기업,1970,35,1.81,1940,1975,1905,41064,79508560,33490000000,17000000
052810,유진데이타,1070,20,1.9,1030,1095,1015,58654,61171210,6580500000,6150000
023420,유진종합개발,31500,-500,-1.56,32500,32500,30900,1044,33247400,21063735000,668690
050760,유펄스,515,0,0,515,535,495,421383,214587135,4186950000,8130000
047770,윤디자인,1460,-35,-2.34,1480,1500,1420,9737,14212835,9052000000,6200000
031510,윤영,495,5,1.02,505,515,495,51859,26326650,9225810000,18638000
032150,으뜸저축은행,1490,0,0,0,0,0,0,0,11502800000,7720000
065950,은성코퍼레션,2750,-195,-6.62,3130,3230,2650,1231685,3673524200,18700000000,6800000
044960,이-글 벳,1420,70,5.19,1350,1430,1350,23358,32257460,10074900000,7095000
039020,이건창호,10250,-350,-3.3,10700,10700,9400,2653,26854700,13427500000,1310000
042340,이네트,1405,-50,-3.44,1465,1480,1395,1180787,1696604915,27915561435,19868727
045390,이노디지털,1390,70,5.3,1305,1420,1300,41643,56234960,4170000000,3000000
035600,이니시스,1305,-55,-4.04,1365,1385,1245,5411336,7086246375,83102400000,63680000
053350,이니텍,2485,-25,-1,2560,2600,2455,156324,391445615,32670543500,13147100
033110,이디,975,-25,-2.5,985,1000,960,3006,2933285,9266400000,9504000
041520,이라이콤,4865,-185,-3.66,5190,5350,4810,563663,2866520050,47433750000,9750000
054210,이랜텍,3520,210,6.34,3450,3630,3360,1002742,3511253795,37312000000,10600000
045310,이레전자산업,3150,70,2.27,3130,3215,3130,279260,886311595,24727500000,7850000
041030,이루넷,7500,590,8.54,7300,7560,7260,691140,5140253400,75000000000,10000000
054940,이림테크,2020,0,0,2030,2070,1980,77981,157608225,13332000000,6600000
052770,이모션,8600,-110,-1.26,8710,8850,8330,68564,587234180,23787600000,2766000
048410,이미지퀘스트,1300,-55,-4.06,1450,1460,1280,772681,1060654605,55718000000,42860000
032180,이수세라믹,5170,-100,-1.9,5180,5330,5160,9330,48638220,25074500000,4850000
007660,이수페타시스,1425,5,0.35,1430,1445,1410,183713,262351780,44175000000,31000000
051530,이스턴테크,3670,70,1.94,3700,3740,3610,104398,382593625,30437548700,8293610
065160,이앤이시스템,2810,95,3.5,2720,2825,2720,24124,66973055,8778440000,3124000
047450,이앤텍,10500,150,1.45,10250,10500,10150,5724,58717250,12006928500,1143517
064240,이엠테크닉스,13800,-750,-5.15,14650,14700,13600,385844,5437220200,96109327200,6964444
041060,이오리스,1610,-175,-9.8,1790,1820,1580,745370,1228236210,14606779740,9072534
039030,이오테크닉스,4340,100,2.36,4330,4540,4220,557179,2452076580,43232753760,9961464
033600,이젠텍,2020,-60,-2.88,2080,2100,1985,300935,605522440,23230000000,11500000
035810,이지바이오,2060,-40,-1.9,2120,2120,2020,22957,47748475,21507473260,10440521
038980,이지클럽,355,-25,-6.58,380,385,350,5180771,1911755990,12265451640,34550568
016250,이테크이앤씨,5150,0,0,5200,5390,5150,7306,37810460,14420000000,2800000
001840,이화공영,8940,-500,-5.3,9100,9560,8310,9191,77633360,4291200000,480000
024810,이화전기,640,-65,-9.22,710,735,630,1756946,1191798720,14014080000,21897000
041450,인네트,1300,20,1.56,1280,1325,1265,66906,85517115,8645000000,6650000
037700,인디시스템,2355,-30,-1.26,2430,2450,2300,450585,1071264665,18840000000,8000000
039060,인바이오넷,1520,-40,-2.56,1540,1595,1500,402242,622811220,13359921440,8789422
060150,인선이엔티,13550,50,0.37,13500,13750,13050,96587,1297191350,89755200000,6624000
033230,인성정보,1045,5,0.48,1035,1070,1035,79659,83756785,17307812500,16562500
041630,인젠,1795,-15,-0.83,1845,1860,1780,220466,399391460,21863100000,12180000
037330,인지디스플레,1610,5,0.31,1620,1690,1600,226787,365513560,43955291030,27301423
046240,인츠커뮤니티,1760,185,11.75,1640,1760,1560,286552,475145105,19190719680,10903818
047370,인컴,680,-20,-2.86,690,710,660,69274,47122415,6256000000,9200000
049070,인탑스,16450,600,3.79,16200,16700,15900,373076,6101120550,141470000000,8600000
010670,인터리츠,1185,25,2.16,1170,1220,1145,977035,1155908925,6056662980,5111108
030420,인터링크,335,-20,-5.63,355,365,330,106284,36734835,4303031450,12844870
017250,인터엠,1820,-10,-0.55,1800,1855,1800,35849,64850280,33973332120,18666666
035080,인터파크,2140,-30,-1.38,2190,2220,2125,969167,2098630715,80451112920,37593978
051370,인터플렉스,22100,-400,-1.78,23400,23600,21200,857736,19094679350,271830000000,12300000
020070,인테크,1010,-25,-2.42,1060,1060,1005,88926,90354465,17813097300,17636730
020075,인테크우,6440,-50,-0.77,6950,6950,5760,273,1605100,257600000,40000
033720,인투스,490,-20,-3.92,510,520,475,358174,177354290,4655000000,9500000
052290,인프론테크,1475,-60,-3.91,1575,1580,1470,124334,189766845,5057775000,3429000
045470,인피트론,2510,-60,-2.33,2510,2590,2505,47484,120092300,9940036740,3960174
036420,일간스포츠,1150,30,2.68,1120,1160,1065,2692289,3027634470,50156543900,43614386
033550,일레덱스,1845,-30,-1.6,1845,1850,1805,27801,50541950,15221250000,8250000
042870,일륭텔레시스,475,25,5.56,465,485,450,999373,465638905,8376470150,17634674
058450,일야하이텍,800,0,0,830,830,770,108310,86215630,5824000000,7280000
019540,일지테크,1285,135,11.74,1200,1285,1200,280304,354707920,16537950000,12870000
049550,잉크테크,5130,200,4.06,5050,5190,4950,175908,895365575,42748202790,8332983
032050,자네트시스템,250,-30,-10.71,250,260,250,7444191,1874271330,10803547500,43214190
043630,자원메디칼,2010,10,0.5,2040,2040,1760,53048,103902400,12864000000,6400000
052650,자티전자,4000,-280,-6.54,4270,4335,3980,466749,1905312185,49888000000,12472000
037340,장미디어,4040,-25,-0.62,4065,4130,4030,410799,1672518980,35281776520,8733113
049630,재영솔루텍,3270,-30,-0.91,3330,3350,3250,270966,892345130,57388500000,17550000
042820,전신전자,1295,-35,-2.63,1325,1335,1250,23689,30448240,7575750000,5850000
065530,전파기지국,9290,60,0.65,9350,9400,9240,7081,66174320,48308000000,5200000
033050,정문정보,740,-10,-1.33,750,755,720,107992,79495405,14507953080,19605342
056850,정소프트,5500,180,3.38,5350,5650,5300,229277,1252802020,55000000000,10000000
045510,정원엔시스템,1055,-15,-1.4,1075,1075,1020,11857,12387700,18516167850,17550870
065310,정호코리아,3740,40,1.08,3780,3900,3680,7415,27766525,7854000000,2100000
048130,제네틱스,1145,-155,-11.92,1310,1370,1145,818797,996599080,9076168825,7926785
033100,제룡산업,1335,85,6.8,1270,1335,1240,31149,39746215,12175200000,9120000
036760,제이스텍,265,10,3.92,255,265,235,582836,144737725,3553650000,13410000
033320,제이씨현,1130,-15,-1.31,1190,1190,1130,163448,188943470,19652431160,17391532
054790,제이엠피,1435,15,1.06,1350,1490,1350,38296,53652010,10332000000,7200000
060750,제이콤,865,10,1.17,855,875,850,114253,98408290,12023500000,13900000
052670,제일바이오,1180,-15,-1.26,1180,1200,1160,22563,26557780,9440000000,8000000
053330,제일엔테크,1360,-100,-6.85,1440,1450,1320,151179,205967820,6549832080,4816053
023440,제일제강,1250,45,3.73,1210,1290,1210,53276,65789925,12500000000,10000000
026540,제일창투,3910,-40,-1.01,4000,4000,3900,11835,46528210,13294000000,3400000
037550,제일컴테크,1840,-250,-11.96,2010,2015,1840,301032,562488985,9988624000,5428600
038010,제일테크노스,5000,350,7.53,4990,5050,4820,7872,38568870,4500000000,900000
038500,젠네트웍스,1970,-110,-5.29,2125,2125,1950,42745,86455820,19700000000,10000000
044060,조광ILI,1670,10,0.6,1665,1690,1620,64882,106318160,8629892000,5167600
034940,조아제약,2000,-20,-0.99,2020,2070,1990,1079032,2175435535,40438740000,20219370
033340,좋은사람들,2230,20,0.9,2250,2250,2200,79006,175483315,25868000000,11600000
036930,주성엔지니어,8700,490,5.97,8510,9060,8380,4542837,39721593450,266202600000,30598000
030030,중앙디자인,2070,20,0.98,2070,2095,2035,42754,88202235,15318000000,7400000
015170,중앙바이오텍,1555,-70,-4.31,1630,1650,1555,74753,119118690,11662500000,7500000
000440,중앙석유,32500,-100,-0.31,32700,32700,32050,788,25322400,14235000000,438000
056080,지나월드,4160,-160,-3.7,4315,4400,4150,43135,181266450,20800000000,5000000
040350,지앤티웍스,1980,-10,-0.5,1975,1980,1850,1194377,2290741175,20332481400,10268930
051160,지어소프트,10850,650,6.37,10400,10850,10250,924910,9779737200,64557500000,5950000
065060,지엔코,2250,0,0,2250,2280,2225,97788,220240405,19350000000,8600000
065410,지엔텍,1240,0,0,1270,1270,1210,36569,45078875,7092800000,5720000
018290,지엠피,700,5,0.72,685,705,675,33307,23120535,12700800000,18144000
032790,지이티,460,0,0,460,475,460,844087,392471645,9200000000,20000000
041320,진두네트워크,3940,210,5.63,3580,3960,3580,27260,105470425,20428309000,5184850
018120,진로발효,3495,180,5.43,3310,3550,3310,33186,115054570,45435000000,13000000
036890,진성티이씨,3180,-200,-5.92,3490,3490,3180,108424,357454450,31800000000,10000000
007370,진양제약,13900,100,0.72,13800,14000,13650,3312,45710200,13900000000,1000000
042960,창민테크,3510,-20,-0.57,3550,3580,3400,43941,152742735,29090880000,8288000
035270,청람디지탈,2300,145,6.73,2110,2410,2110,228218,538842595,23115938400,10050408
013720,청보산업,1920,-25,-1.29,1975,1975,1900,7473,14260350,5800348800,3021015
016920,카스,1140,10,0.88,1130,1155,1120,50146,56768440,8778000000,7700000
015390,카이시스,2010,30,1.52,1950,2035,1950,89027,177216690,17286000000,8600000
065560,캐드랜드,5300,-400,-7.02,5700,5950,5200,512831,2910116700,23513662000,4436540
039980,컴텍코리아,1330,10,0.76,1305,1350,1300,13658,18196585,6905614030,5192191
062730,케너텍,6760,-10,-0.15,6800,6940,6540,323895,2163999340,31621772520,4677777
021090,케미그라스,12250,-50,-0.41,12300,12300,12000,1276,15429650,8761371500,715214
063440,케이디미디어,2885,-15,-0.52,2925,2970,2880,113571,330229730,28850000000,10000000
029480,케이디씨,910,95,11.66,875,910,820,6385843,5645555065,12687736880,13942568
032570,케이디이컴,540,20,3.85,525,565,515,1477899,804735105,12177932580,22551727
038460,케이비씨,1265,-45,-3.44,1310,1340,1260,61437,79089500,13560768375,10719975
052400,케이비티,13500,-150,-1.1,13550,13650,13300,59468,802705100,67500000000,5000000
068060,케이씨더블류,2860,-150,-4.98,3060,3090,2720,582647,1704785345,15558400000,5440000
035950,케이알,865,15,1.76,855,875,855,24649,21385070,10120500000,11700000
032500,케이엠더블유,1865,45,2.47,1820,1900,1790,62762,114426515,28504660000,15284000
042040,케이피엠테크,1660,110,7.1,1525,1660,1525,25516,40685085,13280000000,8000000
054410,케이피티,920,-5,-0.54,925,950,920,34725,32097765,4655200000,5060000
047820,코닉테크,1130,-150,-11.72,1285,1310,1130,610813,697751820,4859000000,4300000
046070,코다코,3590,-150,-4.01,3735,3790,3590,54319,198136945,25848000000,7200000
041800,코디콤,10650,-200,-1.84,11000,11150,10450,355003,3799878850,85200000000,8000000
046210,코람스틸,1050,30,2.94,1075,1075,1010,1486,1505300,9555000000,9100000
008340,코레스,1790,0,0,1785,1790,1680,17392,30416030,4886700000,2730000
027050,코리아나,1735,-95,-5.19,1820,1820,1735,886170,1562231990,69400000000,40000000
033880,코리아텐더,400,-15,-3.61,415,425,400,2459710,1003186100,23958067200,59895168
033885,코리아텐더우,270,-5,-1.82,270,290,270,70794,19722680,2592000000,9600000
036690,코맥스,2330,20,0.87,2410,2410,2265,38194,88634200,29333535000,12589500
049430,코메론,4350,130,3.08,4220,4405,4100,374808,1550160315,25230000000,5800000
059090,코미코,4175,70,1.71,4160,4300,4080,125132,525456300,41826214625,10018255
043090,코바이오텍,5180,-50,-0.96,5230,5300,5050,9100,47114900,17508400000,3380000
044820,코스맥스,1990,-20,-1,2000,2020,1950,2073,4073880,12338000000,6200000
038830,코스모씨앤티,435,-5,-1.14,460,460,430,332834,147576265,4698000000,10800000
017160,코스프,495,10,2.06,480,500,475,508300,245175140,7008925275,14159445
039990,코아정보,1285,-5,-0.39,1280,1295,1265,77398,99040780,12552994095,9768867
052210,코어세스,4190,300,7.71,3830,4190,3625,792286,3034192915,67506191970,16111263
022520,코오롱정보,4870,-10,-0.2,4820,4940,4810,25391,123019610,19480000000,4000000
050050,코웰시스넷,1260,80,6.78,1165,1320,1165,437972,547788375,6752655000,5359250
056360,코위버,4200,280,7.14,3960,4370,3860,656400,2670071630,19541260200,4652681
039530,코코,2670,-110,-3.96,2800,2800,2450,33166,86458835,18099054240,6778672
015710,코콤,1820,45,2.54,1720,1830,1720,8733,15453880,31905510000,17530500
052330,코텍,6430,230,3.71,6400,6550,6200,498682,3194751640,65958940000,10258000
056010,콜린스,1105,-35,-3.07,1150,1180,1105,27077,30364720,4862000000,4400000
060900,콤텔시스템,2580,-150,-5.49,2740,2740,2580,30195,78832415,21672000000,8400000
035210,큐릭스,14500,350,2.47,14150,14700,14000,5552,78570400,30424625000,2098250
052880,큐앤에스,3380,-150,-4.25,3570,3630,3370,1091447,3793762185,45252937340,13388443
043590,크로바하이텍,5010,10,0.2,5150,5180,4700,252593,1251934005,35070000000,7000000
045520,크린앤사이언,1560,20,1.3,1540,1575,1540,16113,25003710,10140000000,6500000
064060,크린에어텍,1340,50,3.88,1310,1340,1280,102566,134655025,9112000000,6800000
033640,크린크레티브,3310,10,0.3,3400,3600,3250,765759,2624193225,24328500000,7350000
055250,키이,2685,185,7.4,2465,2685,2465,75581,195733560,9982830000,3718000
039350,타프시스템,3925,-475,-10.8,4530,4540,3925,587705,2412169700,24119250600,6145032
065130,탑엔지니어링,21050,-750,-3.44,22150,22300,20650,728053,15555573000,185240000000,8800000
023160,태광,7350,0,0,7700,7700,7050,342898,2535362560,94153500000,12810000
048140,태광이엔시,1395,30,2.2,1400,1400,1370,3219,4442075,10881000000,7800000
036210,태산엘시디,7750,230,3.06,7650,7810,7410,1323424,10121874570,107260000000,13840000
053620,태양산업,3070,20,0.66,3005,3080,2950,3290,10030775,26402000000,8600000
044490,태웅,2220,20,0.91,2235,2400,2220,59668,135495425,34898400000,15720000
032540,태진미디어,4950,100,2.06,5000,5060,4880,178340,885444105,44550000000,9000000
036900,택산아이엔씨,1800,0,0,1800,1825,1750,169886,301196655,44823103200,24901724
032420,터보테크,1775,-10,-0.56,1795,1805,1770,265153,474973315,39514340000,22261600
048510,테스텍,2160,10,0.47,2150,2235,2150,163305,358356875,21844460160,10113176
053950,테코스,1150,45,4.07,1160,1160,1120,10185,11652745,6325000000,5500000
036830,테크노세미켐,15550,-450,-2.81,16300,16450,15250,128567,2031552200,106635991000,6857620
043690,테크메이트,2350,-230,-8.91,2545,2545,2275,1036742,2489565050,20480475600,8715096
021040,테크원,895,0,0,895,915,890,542306,488678845,21569500000,24100000
021045,테크원우,425,0,0,425,430,415,166142,70478685,1803048050,4242466
038540,텍셀,730,-25,-3.31,765,770,720,93077,68338870,4599000000,6300000
036840,텍슨,1360,20,1.49,1350,1390,1340,65805,89588650,13056000000,9600000
056730,텔로드,1520,30,2.01,1500,1540,1500,133267,201844155,10640000000,7000000
027350,텔슨전자,2820,-240,-7.84,3080,3095,2695,3808257,10735271755,92287774020,32726161
018180,텔슨정보통신,940,5,0.53,945,955,910,1555545,1453613385,24501285180,26065197
045340,토탈소프트,7930,340,4.48,7660,8000,7600,16845,131249870,34099000000,4300000
038050,트래픽 ITS,2750,-150,-5.17,2870,2870,2740,143927,401292560,21643600000,7870400
026150,특수건설,1960,0,0,1920,1980,1920,8111,15774630,12544000000,6400000
064760,티씨케이,5760,610,11.84,5700,5760,5400,470710,2688087040,67248000000,11675000
066350,티에스엠텍,14400,-500,-3.36,15200,15200,14400,117810,1737976800,87408000000,6070000
034230,파라다이스,4580,140,3.15,4540,4685,4395,2303611,10469166845,424365666220,92656259
033540,파라텍,13450,-200,-1.47,13800,14300,13200,6088,81972400,14956400000,1112000
043200,파루,795,-15,-1.85,820,820,780,1004330,800843030,9937500000,12500000
037070,파세코,2050,0,0,2020,2095,2020,2386,4842580,22550000000,11000000
037030,파워넷,1005,70,7.49,965,1040,950,348068,348141345,8899697100,8855420
047310,파워로직스,32500,-3500,-9.72,37000,37300,32500,846329,29513184650,261469000000,8045200
039230,파이컴,3035,35,1.17,3010,3075,2970,287321,867628040,34823854045,11474087
049120,파인디앤씨,23000,-300,-1.29,23500,23500,22400,485693,11117254550,185426644000,8062028
038950,파인디지털,3200,65,2.07,3230,3240,3150,56241,179810270,29600000000,9250000
025460,팬텀,590,-40,-6.35,625,625,575,378459,225495300,8968000000,15200000
054010,평화일렉콤,1370,10,0.74,1310,1385,1310,23749,31884910,10141712700,7402710
043370,평화정공,5190,-100,-1.89,5290,5300,5110,73643,383026310,53976000000,10400000
030390,포레스코,2380,-10,-0.42,2360,2455,2360,4783,11481835,20012744080,8408716
022100,포스데이타,15300,100,0.66,15300,15700,15250,14983,231401850,94173948000,6155160
003670,포스렉,7490,-30,-0.4,7590,7590,7450,51424,384720980,44243430000,5907000
056710,포시에스,3115,115,3.83,3100,3180,2960,18150,56024085,10279500000,3300000
036920,포커스,625,5,0.81,630,685,600,556116,360724670,5523166250,8837066
065610,폴리플러스,1470,0,0,1480,1485,1440,147938,215561385,14700000000,10000000
005670,푸드웰,13300,-200,-1.48,13300,13500,13250,17,226250,5320000000,400000
007330,푸른저축은행,2040,-10,-0.49,2040,2045,2040,2620,5347400,30768912000,15082800
065940,풍경정화,2125,25,1.19,2070,2150,2060,5804,12293835,13812500000,6500000
023900,풍국주정,4100,70,1.74,4050,4100,4050,1097,4447260,11480000000,2800000
024850,풍산마이크로,1285,40,3.21,1260,1290,1225,49338,61975775,44810520000,34872000
036270,퓨렉스,1600,90,5.96,1550,1640,1550,90426,145381685,10304000000,6440000
035620,퓨센스,640,-30,-4.48,650,680,600,194299,124342235,5822867200,9098230
054120,퓨어텍,2160,-160,-6.9,2290,2290,2160,21804,48284205,13776337440,6377934
039860,퓨쳐시스템,5690,70,1.25,5650,5840,5630,312086,1787210790,58048811000,10201900
035200,프럼파스트,1100,-40,-3.51,1160,1160,1085,53436,59967050,6160000000,5600000
038120,프로소닉,1565,-5,-0.32,1555,1580,1555,32628,51163185,16111823675,10295095
030350,프로칩스,390,-15,-3.7,405,410,380,3596174,1412778145,17896940100,45889590
053610,프로텍,1010,-30,-2.88,1025,1035,980,67091,67209815,4040000000,4000000
053160,프리엠스,1690,0,0,1705,1730,1600,30181,49454590,10140000000,6000000
057330,플래닛82,1030,45,4.57,935,1080,935,1016076,1041637815,10300000000,10000000
037150,플레너스,29000,0,0,29900,29950,28700,734874,21516697400,411426915000,14187135
051380,피씨디렉트,2045,-50,-2.39,2035,2100,2035,9250,18953320,7889610000,3858000
054340,피앤텔,7440,-270,-3.5,7770,8000,7370,412385,3163623730,124992000000,16800000
031980,피에스케이,4265,20,0.47,4380,4420,4210,490717,2114039430,48908200835,11467339
002230,피에스텍,3550,55,1.57,3450,3600,3445,25507,89300235,49700000000,14000000
058820,피엠케이,570,-40,-6.56,600,615,570,52022,30727195,5586000000,9800000
006140,피제이전자,27750,-250,-0.89,28000,28000,27100,893,24335300,15242742000,549288
039870,피케이엘,7120,470,7.07,6800,7170,6690,269914,1884144740,225652038240,31692702
039580,피코소프트,2000,-55,-2.68,2055,2075,1990,367947,740693035,18770650000,9385325
064800,필링크,13600,-100,-0.73,13950,13950,13350,147048,2002189900,71536000000,5260000
033290,필코전자,1120,-25,-2.18,1155,1155,1100,86694,96403150,18582775680,16591764
033630,하나로통신,2910,-65,-2.18,3040,3040,2890,2862043,8442303885,812828998800,279322680
039130,하나투어,14600,-400,-2.67,15050,15550,14300,55243,826594100,65700000000,4500000
024660,하림,1055,-35,-3.21,1080,1085,1050,1117680,1188740450,56306835440,53371408
049130,하우리,2645,-30,-1.12,2700,2760,2640,1358804,3670317300,39886600000,15080000
013030,하이록코리아,1065,5,0.47,1045,1070,1045,6710,7037700,12561730380,11795052
057100,하이스마텍,8250,0,0,8390,8450,8050,453367,3753665990,45375000000,5500000
066980,하이쎌,8840,940,11.9,8090,8840,7900,498601,4242992780,49062000000,5550000
052350,하이켐텍,1370,-55,-3.86,1430,1490,1280,46321,64882010,4110000000,3000000
048540,하이콤,705,10,1.44,695,720,685,386971,270615090,7702125000,10925000
043680,하이퍼정보,515,-10,-1.9,530,535,510,998737,516912495,10805023420,20980628
066130,하츠,4970,-10,-0.2,5050,5100,4915,463249,2316123230,63616000000,12800000
044780,한광,1000,20,2.04,1025,1045,970,287464,290358505,11020000000,11020000
004590,한국가구,3840,-55,-1.41,3840,3940,3820,5081,19529040,5760000000,1500000
048270,한국교육,1780,-70,-3.78,1860,1895,1750,144401,258207255,19423904680,10912306
019550,한국기술투자,1240,0,0,1280,1300,1210,3123101,3907791790,102920000000,83000000
034950,한국기업평가,8230,-320,-3.74,8420,8420,8180,6303,51702890,40013864960,4861952
032600,한국디지탈,1100,0,0,0,0,0,0,0,42843211400,38948374
039420,한국물류정보,8200,0,0,8210,8210,8150,14252,116502060,19806878600,2415473
041960,한국미생물,6790,140,2.11,6740,6900,6510,144453,970613740,53369400000,7860000
024120,한국베랄,2390,5,0.21,2380,2445,2380,53906,129358045,22699025000,9497500
024880,한국볼트,1415,10,0.71,1395,1415,1395,3935,5516725,14150000000,10000000
025550,한국선재,885,5,0.57,885,895,865,4779,4200545,11505000000,13000000
024840,한국성산,1470,5,0.34,1470,1470,1470,10,14700,15876000000,10800000
017890,한국알콜,24950,200,0.81,25000,25900,24950,716,18249300,34031800000,1364000
017010,한국오발,1890,10,0.53,1850,1935,1810,112317,210618195,8334900000,4410000
045050,한국와콤전자,385,-20,-4.94,405,420,385,277875,109311495,6352500000,16500000
023890,한국전지,1205,5,0.42,1280,1280,1205,1803,2185320,11025750000,9150000
039740,한국정보공학,3280,-40,-1.2,3360,3390,3220,26375,86842610,26300342160,8018397
025770,한국정보통신,4490,10,0.22,4450,4630,4320,99344,445125010,52852131240,11771076
019660,한국창투,370,-30,-7.5,400,405,365,5463018,2098882120,28785533800,77798740
023760,한국캐피탈,2715,15,0.56,2850,2980,2700,131276,358762355,47318127720,17428408
021650,한국큐빅,2900,-10,-0.34,2910,2910,2795,24359,69133780,17400000000,6000000
034830,한국토지신탁,760,15,2.01,770,830,750,14039696,11235774890,136800000000,180000000
054040,한국트로닉스,8140,-190,-2.28,8520,8700,8110,113639,957964840,97627090000,11993500
037230,한국팩키지,3680,5,0.14,3660,3710,3475,2055,7326660,9200000000,2500000
040180,한국하이네트,1210,15,1.26,1170,1215,1170,59955,71594550,11409751870,9429547
030520,한글과컴퓨터,1560,-50,-3.11,1650,1670,1545,13292739,21326688005,126209166720,80903312
052600,한네트,1460,5,0.34,1465,1480,1450,52342,76428905,16567642000,11347700
052270,한단정보통신,4410,-70,-1.56,4550,4580,4380,255234,1140126565,50715000000,11500000
060660,한도하이테크,4390,40,0.92,4360,4490,4360,19227,84612055,25569116000,5824400
021060,한림창투,4300,380,9.69,3950,4390,3785,277488,1138822560,22102000000,5140000
025450,한마음저축은,5450,200,3.81,5260,5450,5250,5470,29155400,31946957150,5861827
021080,한미창투,1140,45,4.11,1170,1225,1100,10936935,12741022245,47880000000,42000000
036720,한빛네트,680,0,0,0,0,0,0,0,6675098280,9816321
047080,한빛소프트,17100,1450,9.27,15700,17100,15700,583548,9497331250,141665685300,8284543
043890,한빛아이앤비,9660,30,0.31,9600,9690,9470,55678,532306730,68114147640,7051154
036280,한성에코넷,1075,-40,-3.59,1110,1135,1060,209551,228596050,13270099925,12344279
037950,한성엘컴텍,11850,-50,-0.42,12150,12250,11000,440184,5112398500,109494000000,9240000
007640,한솔저축은행,1290,-20,-1.53,1305,1330,1260,102463,131696010,17857627380,13843122
025340,한솔창투,1300,-90,-6.47,1400,1410,1290,206301,272781975,8450000000,6500000
058530,한송하이테크,1770,-80,-4.32,1875,1880,1750,116251,210301220,10266000000,5800000
037120,한신코퍼,570,-75,-11.63,655,690,570,30742219,19077547970,23687104110,41556323
030190,한신평정보,29400,600,2.08,29500,30150,29150,78467,2322629850,139952584800,4760292
036020,한아시스템,535,-5,-0.93,545,555,535,601293,326236400,16566301215,30965049
045100,한양이엔지,4150,30,0.73,4440,4480,4130,1714179,7424429185,51875000000,12500000
019260,한올,360,-15,-4,370,375,360,895276,328991355,11811600000,32810000
037110,한원마이크로,450,-15,-3.23,420,475,420,109646,48102080,6604267500,14676150
022610,한일,29950,-250,-0.83,30200,30200,26700,1130,33130800,26498861500,884770
024740,한일단조,1240,-40,-3.13,1285,1290,1240,2074,2608735,7936000000,6400000
005860,한일사료,610,5,0.83,615,615,605,52588,32077260,19049177600,31228160
007770,한일화학,48000,150,0.31,47850,48000,47800,176,8418400,9600000000,200000
061460,한진피앤씨,3400,-20,-0.58,3430,3435,3350,21844,74178615,57120000000,16800000
041940,한텔,4180,40,0.97,4200,4285,4100,555228,2328213610,42427000000,10150000
045760,한통데이타,8490,290,3.54,8310,8770,8140,1099645,9326839660,93608855220,11025778
058420,한틀시스템,3330,30,0.91,3300,3470,3250,332915,1125304695,28649721600,8603520
036640,해룡실리콘,2065,-35,-1.67,2120,2120,2055,674069,1402962020,33772662000,16354800
034810,해성산업,2130,-5,-0.23,2060,2140,2060,14284,29891415,20831400000,9780000
037380,해외무역,5560,60,1.09,5420,5580,5300,1480,8251410,6950000000,1250000
058480,해원에스티,775,-20,-2.52,800,800,770,149927,116620000,10741500000,13860000
032380,핸디소프트,3500,-110,-3.05,3660,3700,3455,403011,1425809165,84000000000,24000000
008800,행남자기,2660,-20,-0.75,2650,2675,2565,2369,6219555,16063681480,6038978
066340,헤드라인정보,3660,50,1.39,3550,3720,3550,9563,34508920,15738000000,4300000
054300,헤스본,1950,-55,-2.74,2100,2100,1950,17247,33847615,10920000000,5600000
035480,현대디지탈텍,4600,-100,-2.13,4760,4795,4580,238454,1109450765,63648608400,13836654
035910,현대멀티캡,205,-10,-4.65,220,225,200,1389142,288112645,5344036965,26068473
035917,현대멀티캡2우,1580,150,10.49,1355,1600,1350,1852,2728890,408866080,258776
035919,현대멀티캡3우,600,5,0.84,590,625,580,2582,1538030,185811600,309686
035915,현대멀티캡우,2480,130,5.53,2630,2630,2175,1133,2810395,298592000,120400
026180,현대정보기술,1600,-20,-1.23,1650,1660,1555,159815,254293450,48320000000,30200000
039010,현대통신,2690,285,11.85,2690,2690,2530,2241386,5967893240,23201250000,8625000
038960,현주컴퓨터,1290,50,4.03,1260,1300,1250,680182,869432020,27864000000,21600000
053660,현진소재,1700,15,0.89,1685,1740,1685,19621,33175910,12240000000,7200000
035870,호성,370,-20,-5.13,385,390,355,1051376,392884520,6331692710,17112683
013450,호성케멕스,1155,35,3.13,1100,1175,1100,222346,255321360,23100000000,20000000
037020,호스텍글로벌,380,0,0,370,385,365,413779,154103430,8267711680,21757136
016040,호신섬유,21900,1500,7.35,21000,22350,20300,466,9879050,4380000000,200000
060560,홈센타,1230,0,0,1230,1245,1200,11256,13637845,8856000000,7200000
045920,화림모드,295,-35,-10.61,330,335,295,2663171,823623360,6382310250,21634950
045925,화림모드우,205,-25,-10.87,225,235,205,1502602,323130475,881500000,4300000
039610,화성,1845,-5,-0.27,1825,1870,1825,2952,5455730,7749000000,4200000
033500,화인텍,6320,0,0,6380,6600,6240,482060,3090124170,71668800000,11340000
061250,화일약품,5930,330,5.89,5690,5950,5600,61421,355269930,29887200000,5040000
036590,환경비젼21,1260,-30,-2.33,1280,1335,1260,1751,2208795,5681206440,4508894
032560,황금에스티,2390,-130,-5.16,2520,2560,2380,90814,223325460,20697400000,8660000
028080,휴맥스,16450,-350,-2.08,17100,17150,16400,1106255,18397704650,448345227050,27255029
066480,휴먼정보기술,835,15,1.83,830,835,810,77927,63868190,4008000000,4800000
036660,휴먼컴,720,-5,-0.69,730,780,715,3020646,2217940250,14087160000,19565500
066060,휴먼텍코리아,1800,-60,-3.23,1860,1860,1750,114665,205391025,12780000000,7100000
024060,흥구석유,149400,3400,2.33,150000,155000,139200,40,5886800,14641200000,98000
037440,희림,2375,5,0.21,2390,2390,2105,2076,4763855,11875000000,5000000
019640,희훈,1920,40,2.13,1880,1950,1840,24268,45057535,31449600000,16380000
