단축코드,종목명,종가,대비,등락률,순자산가치,시가,고가,저가,거래량,거래대금,시가총액,상장좌수
105190,ACE 200,34125,25,0.07,34170.32,33915,34180,33815,4117,140173600,458981250000,13450000
332500,ACE 200TR,21630,35,0.16,21631.78,21425,21660,21410,802,17262025,43260000000,2000000
448870,ACE 23-12 회사채(AA-이상)액티브,105665,5,0,105666.42,105665,105670,105665,497,52516030,127114995000,1203000
448880,ACE 24-12 회사채(AA-이상)액티브,107635,20,0.02,107625.73,107625,107645,107625,774,83309040,136696450000,1270000
461260,ACE 25-06 회사채(AA-이상)액티브,10175,0,0,10170.1,10180,10180,10170,5606,57055045,78042250000,7670000
461270,ACE 26-06 회사채(AA-이상)액티브,10165,5,0.05,10160.57,10165,10170,10160,32886,334311985,100328550000,9870000
385600,ACE 2차전지&친환경차액티브,11525,-110,-0.95,11510.98,11540,11710,11490,13189,152486320,23050000000,2000000
469150,ACE AI반도체포커스,11610,70,0.61,11620.8,11535,11625,11450,39958,460556040,9868500000,850000
385590,ACE ESG액티브,7450,-35,-0.47,7475.28,7420,7450,7410,5,37150,23840000000,3200000
380340,ACE Fn5G플러스,9425,60,0.64,9427.77,9260,9445,9225,1005,9438110,6597500000,700000
226380,ACE Fn성장소비주도주,5820,-15,-0.26,5817.71,5805,5820,5760,1204,6943590,5820000000,1000000
414270,ACE G2전기차&자율주행액티브,8170,-45,-0.55,8226.07,8215,8215,8150,9163,74875350,60458000000,7400000
411060,ACE KRX금현물,11960,100,0.84,11941.09,11885,11960,11885,92330,1100769245,93288000000,7800000
225130,ACE 골드선물 레버리지(합성 H),16515,55,0.33,16606.44,16470,16590,16470,1487,24631710,8257500000,500000
365780,ACE 국고채10년,87265,-225,-0.26,87233.23,87525,87630,87265,5698,498403650,322531440000,3696000
114460,ACE 국고채3년,102335,-65,-0.06,102325.46,102345,102455,102335,97,9928425,21490350000,210000
299070,ACE 국채선물10년인버스,112435,-95,-0.08,112941.23,112435,112435,112435,2,224870,5621750000,50000
299080,ACE 국채선물3년인버스,108700,15,0.01,108728.72,0,0,0,0,0,5435000000,50000
411050,ACE 글로벌메타버스테크액티브,8955,-80,-0.89,9109.24,8955,9035,8920,1398,12526865,14328000000,1600000
446770,ACE 글로벌반도체TOP4 Plus SOLACTIVE,15505,-80,-0.51,15480.13,15495,15505,15315,65414,1008158415,110860750000,7150000
435040,ACE 글로벌브랜드TOP10블룸버그,12300,35,0.29,12307.89,12275,12300,12225,1781,21850175,11685000000,950000
460960,ACE 글로벌인컴TOP10 SOLACTIVE,9690,50,0.52,9672.37,9655,9690,9605,5107,49246225,7752000000,800000
440640,ACE 단기채권알파액티브,104400,15,0.01,104391.46,104395,104400,104390,159,16598720,51678000000,495000
190620,ACE 단기통안채,103280,5,0,103269.68,103270,103285,103270,2653,273997515,151511760000,1467000
265690,ACE 러시아MSCI(합성),9590,0,0,44.08,0,0,0,0,0,17741500000,1850000
152500,ACE 레버리지,6595,35,0.53,6598.48,6450,6605,6450,3361,21939435,8573500000,1300000
291130,ACE 멕시코MSCI(합성),14100,0,0,14120.22,14080,14100,14080,209,2946320,12690000000,900000
452250,ACE 미국30년국채선물레버리지(합성 H),6410,-75,-1.16,6399.61,6460,6460,6390,282201,1813180780,46793000000,7300000
453850,ACE 미국30년국채액티브(H),8405,-25,-0.3,8380.62,8420,8440,8405,763815,6432078535,485809000000,57800000
280320,ACE 미국IT인터넷S&P(합성 H),13400,-80,-0.59,13456.47,13365,13455,13365,542,7262560,10720000000,800000
360200,ACE 미국S&P500,14900,75,0.51,14916.45,14825,14900,14800,268494,3985188545,628780000000,42200000
438080,ACE 미국S&P500채권혼합액티브,10295,65,0.64,10299.95,10235,10295,10235,4231,43466005,10295000000,1000000
309230,ACE 미국WideMoat가치주,20465,80,0.39,20500.78,20475,20475,20360,11566,236253560,71627500000,3500000
367380,ACE 미국나스닥100,15860,-10,-0.06,15906.2,15835,15860,15765,127096,2010447370,515450000000,32500000
438100,ACE 미국나스닥100채권혼합액티브,10680,75,0.71,10667.19,10645,10680,10615,4421,47061990,9612000000,900000
181480,ACE 미국다우존스리츠(합성 H),72210,-340,-0.47,72195.8,72225,72225,72210,22,1588860,12997800000,180000
456880,ACE 미국달러SOFR금리(합성),10105,70,0.7,10110.35,10045,10105,10040,8535,85995995,50423950000,4990000
440650,ACE 미국달러단기채권액티브,10090,105,1.05,10077.57,10050,10090,10020,48192,483985560,9081000000,900000
402970,ACE 미국배당다우존스,10040,70,0.7,10032.41,10020,10040,9960,74085,740181705,169676000000,16900000
465580,ACE 미국빅테크TOP7 Plus,10280,-10,-0.1,10311.1,10250,10290,10215,968508,9928275560,60652000000,5900000
465610,ACE 미국빅테크TOP7 Plus레버리지(합성),10445,5,0.05,10471.32,10325,10445,10295,101238,1049055685,11489500000,1100000
465620,ACE 미국빅테크TOP7 Plus인버스(합성),19165,25,0.13,19087.49,19170,19260,19120,41749,803212025,7666000000,400000
391590,ACE 미국스팩&IPO INDXX,4925,5,0.1,4885.12,4905,4925,4895,619,3033555,2462500000,500000
391600,ACE 미국친환경그린테마INDXX,8955,-115,-1.27,8967.33,9020,9020,8865,2845,25267680,23730750000,2650000
455660,ACE 미국하이일드액티브(H),9820,15,0.15,9820.8,9820,9820,9800,862,8462665,8838000000,900000
143460,ACE 밸류대형,8985,10,0.11,8990.65,8940,8985,8940,20,179250,5391000000,600000
245710,ACE 베트남VN30(합성),16895,80,0.48,17098.94,16855,16935,16845,54789,925748880,219635000000,13000000
371130,ACE 베트남VN30선물블룸버그레버리지(H),9245,-10,-0.11,9276.1,9290,9310,9150,4282,39639465,5547000000,600000
131890,ACE 삼성그룹동일가중,16580,165,1.01,16578.18,16460,16605,16425,565,9301300,8290000000,500000
108450,ACE 삼성그룹섹터가중,14775,95,0.65,14772.07,14605,14775,14605,2066,30413395,47280000000,3200000
322130,ACE 스마트로우볼,14720,10,0.07,14725.56,14650,14720,14650,20,293700,7360000000,500000
272220,ACE 스마트모멘텀,13850,40,0.29,13854.81,13765,13850,13720,2643,36560405,6925000000,500000
272230,ACE 스마트밸류,12870,10,0.08,12870.37,12805,12870,12775,22,282300,7722000000,600000
322120,ACE 스마트퀄리티,14900,20,0.13,14906.61,14805,14900,14805,20,297050,7450000000,500000
322150,ACE 스마트하이베타,12535,10,0.08,12536.91,12450,12535,12450,21,262340,6267500000,500000
316300,ACE 싱가포르리츠,11710,-25,-0.21,11773.63,11610,11710,11545,583,6758015,7026000000,600000
277540,ACE 아시아TOP50S&P,12135,-85,-0.7,12246.66,12250,12250,12055,2852,34451290,18202500000,1500000
448540,ACE 엔비디아채권혼합블룸버그,14745,-125,-0.84,14828.76,14775,14775,14695,28263,416082260,35388000000,2400000
433500,ACE 원자력테마딥서치,11530,95,0.83,11546.78,11455,11540,11415,3315,38032590,8071000000,700000
256440,ACE 인도네시아MSCI(합성),9840,40,0.41,9823.6,9845,9845,9790,8809,86486635,42312000000,4300000
145670,ACE 인버스,5670,5,0.09,5656.24,5715,5715,5655,31926,181735765,2835000000,500000
238720,ACE 일본Nikkei225(H),23085,75,0.33,23026.63,22940,23185,22940,2371,54767900,25393500000,1100000
196030,ACE 일본TOPIX레버리지(H),32400,415,1.3,32317.52,32370,32600,32370,344,11177035,16200000000,500000
205720,ACE 일본TOPIX인버스(합성 H),3085,-5,-0.16,3116.21,3115,3115,3055,3167,9719115,5244500000,1700000
469160,ACE 일본반도체,10045,-45,-0.45,10117.69,10065,10090,9935,3905,39078685,8036000000,800000
356540,ACE 종합채권(AA-이상)KIS액티브,97015,-180,-0.19,97054.72,97310,97310,96995,7002,679862320,467612300000,4820000
447430,ACE 주주환원가치주액티브,10995,75,0.69,10982.18,10920,10995,10920,121,1322295,12094500000,1100000
416090,ACE 중국과창판STAR50,6355,-40,-0.63,6443.23,6420,6420,6355,68,433945,5719500000,900000
168580,ACE 중국본토CSI300,23075,-20,-0.09,23238.37,23095,23150,23000,711,16437670,113990500000,4940000
219900,ACE 중국본토CSI300레버리지(합성),2470,-10,-0.4,2526.01,2470,2485,2460,1349,3327975,5187000000,2100000
272910,ACE 중장기국공채액티브,99340,35,0.04,99232.79,99340,99340,99340,1,99340,34868340000,351000
371870,ACE 차이나항셍테크,5605,-50,-0.88,5682.73,5655,5700,5605,1166,6588455,4484000000,800000
354500,ACE 코스닥150,12885,-90,-0.69,12913.1,12870,12980,12805,695,8955365,20616000000,1600000
305050,ACE 코스피,25670,-70,-0.27,25776.07,25650,25785,25595,415,10641415,6417500000,250000
457480,ACE 테슬라밸류체인액티브,11210,110,0.99,11307.65,11220,11220,11165,316864,3547628465,196175000000,17500000
469170,ACE 포스코그룹포커스,8230,-55,-0.66,8258.35,8200,8370,8195,187719,1550946465,30862500000,3750000
261920,ACE 필리핀MSCI(합성),12505,30,0.24,12520.41,12370,12505,12370,14,173435,5002000000,400000
152100,ARIRANG 200,34360,55,0.16,34392.88,34150,34450,34020,192269,6610228780,572094000000,16650000
295820,ARIRANG 200동일가중,9530,30,0.32,9516.11,9505,9545,9460,2506,23815090,4765000000,500000
253150,ARIRANG 200선물레버리지,30185,45,0.15,30276.44,29875,30185,29610,69,2053595,7546250000,250000
253160,ARIRANG 200선물인버스2X,5155,-15,-0.29,5136.84,5240,5250,5130,3314,17161430,7732500000,1500000
447660,ARIRANG Apple채권혼합Fn,11025,0,0,11038.58,11035,11035,10965,3819,42049355,12127500000,1100000
395750,ARIRANG ESG가치주액티브,7980,5,0.06,7973.22,7975,7990,7910,27,214460,33117000000,4150000
395760,ARIRANG ESG성장주액티브,7995,15,0.19,7982.25,7990,7995,7925,148,1176725,18788250000,2350000
278420,ARIRANG ESG우수기업,8315,25,0.3,8320.48,8320,8320,8250,2109,17451865,1663000000,200000
436180,ARIRANG K-유니콘투자기업액티브,10055,-15,-0.15,10056.44,10005,10090,9980,20,200655,5530250000,550000
453010,ARIRANG KOFR금리,102455,5,0,102467.39,102460,102460,102455,13191,1351518100,169358115000,1653000
292750,ARIRANG KRX300,15790,25,0.16,15770.52,15695,15795,15635,20,314330,9474000000,600000
333940,ARIRANG KS로우볼가중TR,12580,5,0.04,12563.27,12545,12580,12485,20,250630,5661000000,450000
333950,ARIRANG KS로우사이즈가중TR,15245,45,0.3,15224.61,15160,15245,15130,40,606935,6860250000,450000
333960,ARIRANG KS모멘텀가중TR,13165,45,0.34,13149.17,13065,13175,13060,20,262340,5924250000,450000
333970,ARIRANG KS밸류가중TR,14735,5,0.03,14718.7,14680,14745,14625,20,293690,5894000000,400000
333980,ARIRANG KS퀄리티가중TR,13875,25,0.18,13861.28,13830,13880,13745,24,331275,5550000000,400000
429740,ARIRANG K리츠Fn,6695,-5,-0.07,6705.74,6740,6740,6660,270,1805535,3682250000,550000
449450,ARIRANG K방산Fn,11185,105,0.95,11218.48,11080,11240,11025,73822,826376760,56484250000,5050000
269530,ARIRANG S&P글로벌인프라,13195,120,0.92,13281.55,13145,13195,13145,169,2222090,6597500000,500000
433850,ARIRANG TDF2030액티브,10560,10,0.09,10564.67,10570,10570,10560,167,1763875,2112000000,200000
433860,ARIRANG TDF2040액티브,10650,120,1.14,10645.56,10530,10650,10525,43,454805,2236500000,210000
433870,ARIRANG TDF2050액티브,10740,-110,-1.01,10868.07,10835,10835,10740,143,1548930,1933200000,180000
433880,ARIRANG TDF2060액티브,11110,45,0.41,11138.84,11110,11115,10995,1216,13434705,2333100000,210000
251590,ARIRANG 고배당저변동50,11400,35,0.31,11410.65,11405,11405,11310,1663,18900245,6270000000,550000
161510,ARIRANG 고배당주,12125,25,0.21,12128.19,12080,12130,12025,75043,907349755,197516250000,16290000
251600,ARIRANG 고배당주채권혼합,11025,-20,-0.18,11043.57,11150,11150,11010,7968,87905330,12127500000,1100000
461460,ARIRANG 국고채10년액티브,50300,-40,-0.08,50225.5,50330,50330,50300,6,301830,551489200000,10964000
451600,ARIRANG 국고채30년액티브,95000,-140,-0.15,94529.32,95335,95470,95000,238,22675730,376580000000,3964000
289670,ARIRANG 국채선물10년,51215,-185,-0.36,51177.06,51395,51395,51215,4,205155,4302060000,84000
298340,ARIRANG 국채선물3년,53510,-30,-0.06,53493.72,0,0,0,0,0,5136960000,96000
442580,ARIRANG 글로벌D램반도체iSelect,14280,-210,-1.45,14436.48,14335,14335,14200,310,4424880,4998000000,350000
189400,ARIRANG 글로벌MSCI(합성 H),16195,0,0,16244.26,16195,16195,16195,1,16195,6316050000,390000
419650,ARIRANG 글로벌수소&차세대연료전지MV,4655,-115,-2.41,4550.31,4665,4665,4560,8563,39826080,5586000000,1200000
438210,ARIRANG 글로벌인공지능산업MV,10660,-75,-0.7,10684.2,10635,10660,10600,400,4255020,2665000000,250000
415920,ARIRANG 글로벌희토류전략자원기업MV,5900,-125,-2.07,5964.25,5950,5950,5885,710,4195465,2360000000,400000
278620,ARIRANG 단기채권액티브,110580,15,0.01,110572.71,110580,110580,110580,100,11058000,5750160000,52000
429760,ARIRANG 미국S&P500,11085,45,0.41,11106.22,11035,11085,11025,1424,15741435,13302000000,1200000
269540,ARIRANG 미국S&P500(H),18575,-70,-0.38,18609.22,18585,18605,18560,1794,33347180,59440000000,3200000
287180,ARIRANG 미국나스닥테크,26620,-175,-0.65,26802.23,26670,26670,26530,1585,42123660,26620000000,1000000
213630,ARIRANG 미국다우존스고배당주(합성 H),14230,-65,-0.45,14239.12,14270,14270,14100,928,13169025,12095500000,850000
332610,ARIRANG 미국단기우량회사채,109645,730,0.67,109973.93,109510,109645,109335,78,8542195,23025450000,210000
456200,ARIRANG 미국달러SOFR금리액티브(합성),49945,370,0.75,50013.12,0,0,0,0,0,7491750000,150000
426410,ARIRANG 미국대체투자Top10MV,12680,55,0.44,12733.84,12445,12680,12445,26,328310,1902000000,150000
332620,ARIRANG 미국장기우량회사채,82355,295,0.36,82413.08,82395,82495,81705,2958,242515910,29812510000,362000
464470,ARIRANG 미국채30년액티브,46970,40,0.09,47036.39,46935,47005,46750,3035,142339315,14936460000,318000
461900,ARIRANG 미국테크10iSelect,10655,-40,-0.37,10776.58,10160,10695,10160,378,3974140,4262000000,400000
461910,ARIRANG 미국테크10레버리지iSelect(합성),11180,-75,-0.67,11194.1,11135,11200,11075,1965,21885005,8385000000,750000
195970,ARIRANG 선진국MSCI(합성 H),10785,-30,-0.28,10853.33,10815,10815,10695,8348,89771355,13804800000,1280000
238670,ARIRANG 스마트베타Quality채권혼합,10590,0,0,10587.57,10590,10600,10570,71,751785,5295000000,500000
195980,ARIRANG 신흥국MSCI(합성 H),8750,-70,-0.79,8963.51,8815,8845,8730,12612,110895640,70350000000,8040000
373530,ARIRANG 신흥국MSCI인버스(합성 H),11760,30,0.26,11837.24,0,0,0,0,0,6115200000,520000
256450,ARIRANG 심천차이넥스트(합성),8130,-80,-0.97,8295.81,8355,8355,8105,112,914825,4065000000,500000
239660,ARIRANG 우량회사채50 1년,113565,15,0.01,113549.32,113565,113585,113555,592,67235145,18170400000,160000
421320,ARIRANG 우주항공&UAM iSelect,10345,70,0.68,10341.06,10300,10350,10255,6123,63148610,12931250000,1250000
464920,ARIRANG 일본반도체소부장Solactive,10700,25,0.23,10756.48,10670,10735,10575,19837,211817945,10165000000,950000
451000,ARIRANG 종합채권(AA-이상)액티브,103565,0,0,103488.27,103565,103565,103565,1,103565,186106305000,1797000
280920,ARIRANG 주도업종,8880,-15,-0.17,8878.76,8865,8890,8780,239,2110040,4884000000,550000
266550,ARIRANG 중형주저변동50,10790,75,0.7,10772.92,10790,10815,10705,25,269305,2697500000,250000
301400,ARIRANG 코스닥150,12950,-110,-0.84,13030.14,12935,13105,12835,68,882560,3237500000,250000
301410,ARIRANG 코스닥150선물인버스,6060,70,1.17,6085.45,6050,6080,6010,9862,59731845,4242000000,700000
227830,ARIRANG 코스피,26020,0,0,26022.94,25970,26020,25820,52,1346375,6505000000,250000
122090,ARIRANG 코스피50,23285,-50,-0.21,23353.74,23210,23380,23125,287,6666240,28640550000,1230000
328370,ARIRANG 코스피TR,13355,25,0.19,13338.21,13310,13360,13235,22,292515,185634500000,13900000
457990,ARIRANG 태양광&ESS Fn,7910,55,0.7,7949.93,7880,7995,7830,3077,24276705,5932500000,750000
470320,BNK 24-11 회사채(AA-이상)액티브,50170,10,0.02,50158.24,50170,50170,50170,2,100340,101845100000,2030000
466810,BNK 2차전지양극재,9165,-15,-0.16,9180.03,9140,9250,9075,7047,64455465,6873750000,750000
457930,BNK 미래전략기술액티브,9715,0,0,9719.2,9645,9715,9615,1045,10061090,7286250000,750000
445690,BNK 주주가치액티브,12150,15,0.12,12159.92,12070,12150,12020,1034,12467285,13365000000,1100000
448570,FOCUS AI코리아액티브,11910,30,0.25,11906.48,11805,11910,11755,521971,6195953825,17865000000,1500000
285690,FOCUS ESG리더스,10015,20,0.2,10011.32,9960,10015,9960,26,259015,13520250000,1350000
292730,FOCUS KRX300,16125,-10,-0.06,16124.48,0,0,0,0,0,16125000000,1000000
402520,FOCUS 혁신기업액티브,7935,0,0,7926,0,0,0,0,0,6348000000,800000
293180,HANARO 200,33850,45,0.13,33886.42,33665,33930,33540,3546,119629230,528060000000,15600000
407310,HANARO 200 TOP10,8050,-35,-0.43,8080.29,8020,8070,7975,621,4988850,87342500000,10850000
332930,HANARO 200TR,42135,30,0.07,42193.17,41750,42215,41735,123,5156580,120084750000,2850000
304780,HANARO 200선물레버리지,18170,35,0.19,18196.91,17895,18170,17800,11,197460,34523000000,1900000
306520,HANARO 200선물인버스,10565,0,0,10556.4,10650,10650,10560,1023,10868790,4754250000,450000
448490,HANARO 32-10 국고채액티브,52270,-165,-0.31,52239,52465,52540,52270,3330,174451730,52270000000,1000000
454320,HANARO CAPEX설비투자iSelect,10000,65,0.65,10027.62,9925,10025,9925,3356,33587150,38500000000,3850000
471290,HANARO CD금리액티브(합성),100125,10,0.01,100131.08,100125,100125,100125,2,200250,11013750000,110000
395290,HANARO Fn K-POP&미디어,8390,55,0.66,8377.5,8335,8390,8245,43622,363981940,64603000000,7700000
395280,HANARO Fn K-게임,4360,45,1.04,4357.32,4315,4360,4235,3270,14106790,13952000000,3200000
368190,HANARO Fn K-뉴딜디지털플러스,8425,40,0.48,8410.68,8325,8425,8280,902,7534225,40861250000,4850000
402460,HANARO Fn K-메타버스MZ,7250,-5,-0.07,7236.72,7185,7250,7175,219,1583230,6525000000,900000
395270,HANARO Fn K-반도체,9860,30,0.31,9856.61,9790,9870,9700,182900,1792440095,113390000000,11500000
438900,HANARO Fn K-푸드,9515,45,0.48,9516.9,9515,9535,9455,1083,10254570,6660500000,700000
367740,HANARO Fn5G산업,12115,30,0.25,12100.13,12035,12115,12010,496,5980220,6663250000,550000
407300,HANARO Fn골프테마,5980,-15,-0.25,6004.05,5985,5985,5950,218,1301475,3887000000,650000
381560,HANARO Fn전기&수소차,8305,-10,-0.12,8301.35,8295,8335,8240,2264,18726445,18271000000,2200000
441540,HANARO Fn조선해운,10175,255,2.57,10180.59,9900,10205,9900,219188,2222619780,81908750000,8050000
381570,HANARO Fn친환경에너지,7835,-10,-0.13,7830.62,7790,7835,7750,2047,15940195,4701000000,600000
346000,HANARO KAP초장기국고채,36710,-90,-0.24,36664.14,36850,36895,36710,847,31205925,8296460000,226000
453060,HANARO KOFR금리액티브(합성),102550,10,0.01,102542.4,102555,102555,102550,40,4102100,12306000000,120000
304760,HANARO KRX300,15525,-50,-0.32,15579.31,15405,15550,15395,60,927415,6210000000,400000
404470,HANARO KRX기후변화솔루션,11485,-120,-1.03,11533.7,11465,11525,11420,76,871000,6316750000,550000
332940,HANARO MSCI Korea TR,14170,-60,-0.42,14216.1,14070,14185,14050,70,987405,175708000000,12400000
322400,HANARO e커머스,10395,85,0.82,10384.69,10310,10410,10225,618,6406285,53014500000,5100000
322410,HANARO 고배당,11690,-25,-0.21,11721.1,11715,11720,11675,3097,36221315,6429500000,550000
354350,HANARO 글로벌럭셔리S&P(합성),17185,-10,-0.06,17345.64,17195,17275,17150,1933,33273085,40556600000,2360000
464060,HANARO 글로벌반도체TOP10 SOLACTIVE,10160,-110,-1.07,10336.74,10260,10260,10105,743,7537890,7620000000,750000
432850,HANARO 글로벌백신치료제MSCI,9315,35,0.38,9412.9,9380,9385,9315,1535,14303715,3726000000,400000
461340,HANARO 글로벌생성형AI액티브,10660,-30,-0.28,10721.38,10680,10680,10615,563,5996545,3731000000,350000
448510,HANARO 글로벌신재생에너지MSCI(합성),6645,-110,-1.63,6719.54,6700,6700,6645,69,458805,3654750000,550000
424460,HANARO 글로벌워터MSCI(합성),10795,140,1.31,10800.32,10770,10795,10755,25,269090,6477000000,600000
401590,HANARO 글로벌탄소배출권선물ICE(합성),10475,20,0.19,10519.55,10455,10475,10430,1003,10489780,15188750000,1450000
314700,HANARO 농업융복합산업,10670,-30,-0.28,10694.65,10680,10690,10610,135,1439355,5868500000,550000
390950,HANARO 단기채권액티브,104885,-5,0,104866.76,104885,104885,104885,47,4929595,13320395000,127000
432840,HANARO 미국S&P500,11055,150,1.38,11142.79,11100,11100,11040,2632,29164720,7738500000,700000
419170,HANARO 미국메타버스iSelect,11320,0,0,11447.69,11370,11370,11320,202,2294630,4528000000,400000
434730,HANARO 원자력iSelect,11200,20,0.18,11208.98,11200,11230,11140,3099,34616715,7840000000,700000
456100,HANARO 유로존국채25년플러스(합성 H),47715,665,1.41,47715.48,47570,47715,47570,55,2616495,5725800000,120000
461500,HANARO 종합채권(AA-이상)액티브,103270,-140,-0.14,103090.62,0,0,0,0,0,51738270000,501000
304770,HANARO 코스닥150,12720,-175,-1.36,12857.94,12780,12850,12650,1574,20134030,17808000000,1400000
306530,HANARO 코스닥150선물레버리지,9280,-100,-1.07,9297.67,9160,9310,9095,2052,18905100,2412800000,260000
375760,HANARO 탄소효율그린뉴딜,8335,-15,-0.18,8347.36,8260,8350,8250,287,2384515,10002000000,1200000
215620,HK S&P코리아로우볼,11875,10,0.08,11924.6,0,0,0,0,0,5343750000,450000
391670,HK 베스트일레븐액티브,8290,20,0.24,8330.96,0,0,0,0,0,5803000000,700000
391680,HK 하이볼액티브,8030,0,0,8069.04,0,0,0,0,0,4416500000,550000
148020,KBSTAR 200,33990,45,0.13,34023.5,33810,34080,33630,503742,17075400095,1262728500000,37150000
285000,KBSTAR 200IT,14180,10,0.07,14190.47,14100,14190,14055,4539,64157560,4537600000,320000
361580,KBSTAR 200TR,18225,30,0.16,18243.1,18110,18250,18045,3295,59789185,237836250000,13050000
287300,KBSTAR 200건설,13135,65,0.5,13125.53,13020,13145,13005,282,3683685,1576200000,120000
287310,KBSTAR 200경기소비재,9260,-10,-0.11,9264.22,9190,9270,9190,38,350375,2963200000,320000
290080,KBSTAR 200고배당커버드콜ATM,7345,15,0.2,7337.74,7325,7350,7305,3898,28535690,7712250000,1050000
284980,KBSTAR 200금융,8475,30,0.36,8470.46,8405,8480,8380,2280,19269800,2542500000,300000
287320,KBSTAR 200산업재,11280,60,0.53,11267.83,11220,11295,11185,267,3006085,1128000000,100000
287330,KBSTAR 200생활소비재,5935,15,0.25,5936.78,5920,5945,5920,27,159980,1305700000,220000
252400,KBSTAR 200선물레버리지,15030,45,0.3,15049.95,14800,15070,14710,33995,507066680,19539000000,1300000
252410,KBSTAR 200선물인버스,5855,10,0.17,5844.66,5900,5905,5840,5245,30859740,15808500000,2700000
252420,KBSTAR 200선물인버스2X,2535,-5,-0.2,2525.68,2565,2580,2525,182728,467917000,22308000000,8800000
284990,KBSTAR 200에너지화학,9360,50,0.54,9348.74,9280,9380,9260,93,867780,4492800000,480000
285010,KBSTAR 200중공업,10295,180,1.78,10297.38,10210,10320,10210,3270,33601975,4118000000,400000
285020,KBSTAR 200철강소재,9185,75,0.82,9188.21,9120,9185,9100,23,210335,4225100000,460000
315480,KBSTAR 200커뮤니케이션서비스,10940,100,0.92,10942.71,10730,10970,10720,39,420850,1312800000,120000
464540,KBSTAR 25-03 회사채(AA-이상)액티브,50505,0,0,50493.13,50510,50515,50500,4592,231931085,116767560000,2312000
448600,KBSTAR 25-11 회사채(AA-이상)액티브,52450,-15,-0.03,52449.4,52470,52490,52450,3909,205107300,148538400000,2832000
465330,KBSTAR 2차전지TOP10,15545,-100,-0.64,15593.87,15575,15750,15430,505489,7864569740,30701375000,1975000
465350,KBSTAR 2차전지TOP10인버스(합성),22875,125,0.55,22802.41,22950,23160,22715,1961587,45050781550,137821875000,6025000
422420,KBSTAR 2차전지액티브,10785,-35,-0.32,10799.51,10750,10820,10680,70469,758297930,122949000000,11400000
105780,KBSTAR 5대그룹주,6120,-5,-0.08,6118.35,6070,6125,6050,215,1309645,7344000000,1200000
469070,KBSTAR AI&로봇,11155,65,0.59,11144.87,11055,11195,10905,294850,3276612630,8366250000,750000
290130,KBSTAR ESG사회책임투자,10910,20,0.18,10895.45,10850,10910,10790,9850,106907005,222564000000,20400000
368200,KBSTAR Fn K-뉴딜디지털플러스,8480,75,0.89,8460.25,8350,8480,8325,21,176105,4240000000,500000
367760,KBSTAR Fn5G테크,10425,0,0,10470.85,10405,10485,10295,25117,261201395,103728750000,9950000
367770,KBSTAR Fn수소경제테마,8915,-30,-0.34,8921.39,8890,8950,8830,24829,220869915,234910250000,26350000
427110,KBSTAR Fn창업투자회사,6275,-5,-0.08,6284.46,6230,6285,6200,1518,9491875,4141500000,660000
388280,KBSTAR Fn컨택트대표,7080,-30,-0.42,7095.27,7080,7110,7060,2139,15146845,43754400000,6180000
427120,KBSTAR Fn플랫폼테마,6415,5,0.08,6411.45,6375,6415,6315,283,1795035,3207500000,500000
326240,KBSTAR IT플러스,17920,75,0.42,17894.88,17805,17920,17650,1581,28194115,170956800000,9540000
385560,KBSTAR KIS국고채30년Enhanced,66745,-400,-0.6,66465.62,67075,67370,66745,54215,3641841835,403139800000,6040000
469580,KBSTAR KP달러채권액티브,50025,205,0.41,50198.9,50025,50030,49935,3744,187068280,54627300000,1092000
270800,KBSTAR KQ고배당,12100,60,0.5,12090.56,12065,12100,12030,83,1001910,7260000000,600000
292050,KBSTAR KRX300,16285,25,0.15,16290.95,16255,16305,16255,3658,59592455,10585250000,650000
307010,KBSTAR KRX300레버리지,13240,75,0.57,13202,13095,13265,12975,502,6596135,7944000000,600000
319870,KBSTAR KRX300미국달러선물혼합,15650,40,0.26,15719.01,15640,15650,15640,15,234740,5477500000,350000
403990,KBSTAR KRX기후변화솔루션,11535,-35,-0.3,11527.41,11500,11545,11425,36,413040,6921000000,600000
442550,KBSTAR TDF2030액티브,10560,5,0.05,10574.66,10520,10560,10485,550,5779835,5280000000,500000
442560,KBSTAR TDF2040액티브,10630,5,0.05,10655.78,10595,10630,10560,316,3351360,5315000000,500000
442570,KBSTAR TDF2050액티브,10670,5,0.05,10692.18,10660,10670,10595,1676,17841485,5335000000,500000
234310,KBSTAR V&S셀렉트밸류,13895,75,0.54,13894.47,13805,13905,13805,2035,28123985,6947500000,500000
241390,KBSTAR V&S셀렉트밸류채권혼합,11690,25,0.21,11686.64,11645,11695,11645,1363,15905720,14028000000,1200000
401170,KBSTAR iSelect메타버스,6600,60,0.92,6600.61,6510,6610,6455,7614,49963355,130152000000,19720000
300640,KBSTAR 게임테마,9165,-10,-0.11,9201.22,9220,9225,9030,23020,210972995,42159000000,4600000
266160,KBSTAR 고배당,12140,5,0.04,12136.89,12110,12140,12030,13725,165823620,54023000000,4450000
114100,KBSTAR 국고채3년,108295,-55,-0.05,108286.2,108700,108700,108295,465,50388735,28264995000,261000
282000,KBSTAR 국고채3년선물인버스,107965,125,0.12,107943.94,107925,107965,107925,4,431770,30770025000,285000
451670,KBSTAR 국채30년레버리지KAP(합성),17925,-175,-0.97,17825.11,18075,18200,17925,8609,155886200,10306875000,575000
295000,KBSTAR 국채선물10년,50590,-95,-0.19,50549.84,50730,50730,50590,218,11052135,3844840000,76000
295020,KBSTAR 국채선물10년인버스,55605,245,0.44,55610.4,55525,55605,55515,10,555645,8007120000,144000
432600,KBSTAR 국채선물3년,52160,65,0.12,52112.18,52185,52185,52160,33,1721880,7824000000,150000
397420,KBSTAR 국채선물5년추종,48455,-10,-0.02,48412.52,48495,48495,48455,14,678465,3198030000,66000
397410,KBSTAR 국채선물5년추종인버스,55870,130,0.23,55848.55,55830,55870,55825,161,8988705,31175460000,558000
276650,KBSTAR 글로벌4차산업IT(합성 H),23245,-165,-0.7,23393.52,23405,23410,23220,1363,31778805,26731750000,1150000
437370,KBSTAR 글로벌농업경제MV,8380,-50,-0.59,8472.06,8445,8445,8365,280,2350345,5866000000,700000
375270,KBSTAR 글로벌데이터센터리츠나스닥(합성),10115,0,0,10111.96,10115,10115,10015,771,7742710,5057500000,500000
411720,KBSTAR 글로벌메타버스Moorgate,9945,0,0,10028.29,9900,9945,9900,1071,10636630,16409250000,1650000
417450,KBSTAR 글로벌수소경제Indxx,7200,-155,-2.11,7208.63,7250,7265,7200,1809,13075125,6840000000,950000
442320,KBSTAR 글로벌원자력iSelect,12920,60,0.47,12919.68,12855,12920,12825,2673,34427360,4522000000,350000
461490,KBSTAR 글로벌자산배분액티브,10255,25,0.24,10252.25,10245,10255,10225,342,3511070,6153000000,600000
459750,KBSTAR 글로벌주식분산액티브,10270,100,0.98,10242.94,10165,10270,10115,644,6585050,7189000000,700000
399580,KBSTAR 글로벌클린에너지S&P,6830,-80,-1.16,6850.04,6855,6890,6810,2958,20296275,8879000000,1300000
336160,KBSTAR 금융채액티브,101015,25,0.02,100994.52,101040,101040,101015,13,1313240,47881110000,474000
326230,KBSTAR 내수주플러스,7635,25,0.33,7628.36,7610,7650,7575,607,4619945,25806300000,3380000
272560,KBSTAR 단기국공채액티브,106900,20,0.02,106889.63,106900,106905,106890,277,29611310,67347000000,630000
385550,KBSTAR 단기종합채권(AA-이상)액티브,106045,20,0.02,106037.14,106025,106055,106025,422,44749615,201909680000,1904000
196230,KBSTAR 단기통안채,109715,10,0.01,109701.02,109720,109720,109705,106545,11689255190,454878390000,4146000
315960,KBSTAR 대형고배당10TR,16720,-50,-0.3,16758.29,16770,16770,16575,4652,77562310,92796000000,5550000
455890,KBSTAR 머니마켓액티브,51145,10,0.02,51137.54,51140,51145,51140,72778,3722190305,1417227950000,27710000
252730,KBSTAR 모멘텀로우볼,13695,65,0.48,13702.31,13665,13710,13665,9,123225,2054250000,150000
252720,KBSTAR 모멘텀밸류,14005,15,0.11,14005.86,13890,14025,13890,13,181665,2100750000,150000
379780,KBSTAR 미국S&P500,12880,70,0.55,12891.35,12810,12880,12785,34974,448712695,238280000000,18500000
453330,KBSTAR 미국S&P500(H),11420,-40,-0.35,11430.91,11420,11435,11415,12938,147811590,18272000000,1600000
460660,KBSTAR 미국S&P배당킹,9575,65,0.68,9564.85,9560,9575,9505,1782,17015215,7660000000,800000
219390,KBSTAR 미국S&P원유생산기업(합성 H),6320,15,0.24,6372.01,6345,6345,6290,10265,64785725,18328000000,2900000
354240,KBSTAR 미국고정배당우선증권ICE TR,9575,-10,-0.1,9572.39,9535,9585,9505,2417,23071345,10053750000,1050000
368590,KBSTAR 미국나스닥100,15365,0,0,15395.62,15325,15365,15265,54368,831902940,282716000000,18400000
437350,KBSTAR 미국단기투자등급회사채액티브,10155,80,0.79,10150.24,10130,10155,10100,2012,20363310,72608250000,7150000
455960,KBSTAR 미국달러SOFR금리액티브(합성),10100,70,0.7,10100.04,10065,10100,10025,33684,338538540,10100000000,1000000
469530,KBSTAR 미국달러선물인버스,10075,-30,-0.3,10057.03,10105,10115,10075,77,777255,7556250000,750000
469060,KBSTAR 미국반도체NYSE,10650,-245,-2.25,10781.71,10585,10705,10585,224610,2396529280,10650000000,1000000
469050,KBSTAR 미국반도체NYSE(H),11070,-290,-2.55,11174.69,10980,11140,10980,225063,2494430600,11070000000,1000000
449580,KBSTAR 미국빅데이터Top3채권혼합iSelect,12130,0,0,12130.97,12130,12130,12120,1186,14386085,9704000000,800000
267440,KBSTAR 미국장기국채선물(H),8330,-20,-0.24,8316.25,8350,8355,8290,4416,36664660,9996000000,1200000
267490,KBSTAR 미국장기국채선물레버리지(합성 H),5840,-45,-0.76,5862.93,5845,5870,5840,5170,30260360,10512000000,1800000
267450,KBSTAR 미국장기국채선물인버스(H),10900,70,0.65,10915.06,10830,10900,10830,44,478895,2180000000,200000
267500,KBSTAR 미국장기국채선물인버스2X(합성 H),10810,30,0.28,10992.59,10765,10955,10765,80,870320,3243000000,300000
446700,KBSTAR 배터리 리사이클링iSelect,12245,-75,-0.61,12242.92,12280,12280,12150,7653,93353455,21551200000,1760000
388420,KBSTAR 비메모리반도체액티브,11245,105,0.94,11265.16,11070,11275,11010,737184,8246245180,284498500000,25300000
448630,KBSTAR 삼성그룹Top3채권혼합블룸버그,9925,5,0.05,9924.16,9900,9925,9885,5522,54693980,14887500000,1500000
140570,KBSTAR 수출주,10710,95,0.89,10703.9,10645,10730,10645,112,1195550,5355000000,500000
140580,KBSTAR 우량업종대표주,10260,55,0.54,10256.29,10210,10285,10210,14,143565,5130000000,500000
379790,KBSTAR 유로스탁스50(H),11730,5,0.04,11811.09,11770,11790,11695,419,4915610,6451500000,550000
385540,KBSTAR 종합채권(A-이상)액티브,98595,-140,-0.14,98468.82,98735,98735,98595,8,789565,948089520000,9616000
183710,KBSTAR 주식혼합,38430,-105,-0.27,38436.21,38430,38430,38430,1,38430,7686000000,200000
310080,KBSTAR 중국MSCI China(H),7610,-125,-1.62,7580.76,7565,7705,7560,7021,54004800,11034500000,1450000
463300,KBSTAR 중국본토CSI300,8825,0,0,8910.74,8860,8860,8770,240,2119610,34417500000,3900000
174360,KBSTAR 중국본토대형주CSI100,15430,-45,-0.29,15542.43,15475,15475,15290,1056,16249215,55548000000,3600000
136340,KBSTAR 중기우량회사채,104180,20,0.02,104159.27,104190,104230,104180,189,19693760,67717000000,650000
281990,KBSTAR 중소형고배당,11120,50,0.45,11104.96,11065,11120,11060,96,1063935,3892000000,350000
272570,KBSTAR 중장기국공채액티브,101985,-5,0,101921.02,102065,102065,101985,9,918325,23354565000,229000
250730,KBSTAR 차이나HSCEI(H),7155,-90,-1.24,7178.56,7245,7250,7040,2610,18629950,18603000000,2600000
291680,KBSTAR 차이나H선물인버스(H),13035,90,0.7,13090.26,12995,13265,12980,2304,30124725,3258750000,250000
371150,KBSTAR 차이나항셍테크,5670,-40,-0.7,5717.13,5710,5720,5655,943,5350035,5953500000,1050000
183700,KBSTAR 채권혼합,59675,-70,-0.12,59607.7,59675,59675,59675,17,1013515,14322000000,240000
270810,KBSTAR 코스닥150,12685,-95,-0.74,12761.08,12680,12735,12560,93607,1182637725,96152300000,7580000
278240,KBSTAR 코스닥150선물레버리지,10445,-120,-1.14,10462.07,10335,10535,10240,4844,50097955,92020450000,8810000
275750,KBSTAR 코스닥150선물인버스,4045,35,0.87,4034.87,4050,4075,4020,10031,40630445,3842750000,950000
302450,KBSTAR 코스피,26005,85,0.33,26009.88,25890,26020,25780,165,4280200,109221000000,4200000
334690,KBSTAR 팔라듐선물(H),5710,-50,-0.87,5865.87,5810,5810,5690,482,2774355,4853500000,850000
334700,KBSTAR 팔라듐선물인버스(H),6220,45,0.73,6136.99,6175,6230,6125,836,5154770,3110000000,500000
253280,KBSTAR 헬스케어,11240,20,0.18,11230.06,11165,11265,11095,548,6126950,6182000000,550000
253290,KBSTAR 헬스케어채권혼합,11080,-5,-0.05,11070.8,11060,11080,11040,760,8406760,13296000000,1200000
069500,KODEX 200,33785,60,0.18,33806.74,33490,33850,33430,5610303,189166195420,6659023500000,197100000
226980,KODEX 200 중소형,11705,25,0.21,11750.25,11675,11750,11675,1713,20075950,7023000000,600000
337160,KODEX 200ESG,12240,-65,-0.53,12305.72,12145,12255,12120,699,8541935,33048000000,2700000
363580,KODEX 200IT TR,12170,-20,-0.16,12175.94,12115,12170,12060,327,3955135,120483000000,9900000
278530,KODEX 200TR,11575,25,0.22,11583.52,11530,11590,11405,496107,5727263266,2053983750000,177450000
337150,KODEX 200exTOP,10970,30,0.27,10989.34,10970,10970,10970,10,109700,17552000000,1600000
223190,KODEX 200가치저변동,9935,-20,-0.2,9956.68,9910,9945,9865,4327,42834150,11922000000,1200000
252650,KODEX 200동일가중,10365,-35,-0.34,10417.72,10340,10365,10340,12,124330,5182500000,500000
360140,KODEX 200롱코스닥150숏선물,8870,80,0.91,8867.77,8805,8880,8760,5698,50282265,38141000000,4300000
284430,KODEX 200미국채혼합,12035,80,0.67,11986.94,11980,12035,11955,16502,197818175,59693600000,4960000
252670,KODEX 200선물인버스2X,2535,-10,-0.39,2532.68,2580,2590,2525,118945309,304999489710,1375237500000,542500000
448310,KODEX 23-12 국고채액티브,10380,0,0,10385.84,10385,10385,10380,311,3228415,253479600000,24420000
448320,KODEX 23-12 은행채(AA+이상)액티브,10480,5,0.05,10477.97,10475,10480,10470,7906,82819295,778873600000,74320000
465680,KODEX 24-12 은행채(AA+이상)액티브,10080,0,0,10076.93,10080,10080,10075,28231,284568420,1634572800000,162160000
467940,KODEX 25-11 회사채(A+이상)액티브,10140,0,0,10133.54,10140,10145,10135,10350,104962965,220849200000,21780000
305720,KODEX 2차전지산업,22655,-120,-0.53,22634.96,22575,22885,22450,1330109,30071282460,1091971000000,48200000
462330,KODEX 2차전지산업레버리지,5195,-70,-1.33,5226.88,5140,5315,5105,2933356,15215573255,96107500000,18500000
461950,KODEX 2차전지핵심소재10 Fn,8540,-65,-0.76,8532.04,8535,8650,8455,673758,5744583065,113155000000,13250000
457690,KODEX 33-06 국고채액티브,9985,-20,-0.2,9972.72,10025,10025,9980,10951,109369780,9985000000,1000000
271060,KODEX 3대농산물선물(H),10830,65,0.6,10830.5,10815,10830,10780,6615,71465780,17544600000,1620000
457700,KODEX 53-09 국고채액티브,10050,-45,-0.45,10022.89,10100,10125,10050,7035,71037125,14170500000,1410000
471990,KODEX AI반도체핵심장비,10295,25,0.24,10295.08,10035,10340,10010,1238990,12675594350,55593000000,5400000
459580,KODEX CD금리액티브(합성),1018095,110,0.01,1017971.78,1018090,1018095,1018090,225711,229794702575,3945627172500,3875500
439860,KODEX ESG종합채권(A-이상)액티브,105610,0,0,105630.76,0,0,0,0,0,328869540000,3114000
368680,KODEX Fn K-뉴딜디지털플러스,8475,15,0.18,8488.19,8405,8480,8355,64,538775,10170000000,1200000
395170,KODEX Fn Top10동일가중,7435,0,0,7449.07,7380,7445,7360,163,1205085,286247500000,38500000
337120,KODEX Fn멀티팩터,12035,10,0.08,12075.15,0,0,0,0,0,7221000000,600000
325010,KODEX Fn성장,14115,15,0.11,14114.48,14020,14115,14000,142,1997870,77632500000,5500000
395160,KODEX Fn시스템반도체,9235,45,0.49,9259.1,9110,9250,9100,20672,190263595,38787000000,4200000
395150,KODEX Fn웹툰&드라마,4120,25,0.61,4138.23,4095,4135,4045,10925,44783060,9476000000,2300000
266370,KODEX IT,18025,-25,-0.14,18080.38,17935,18095,17875,2852,51399710,32445000000,1800000
445290,KODEX K-로봇액티브,14085,80,0.57,14085.83,13905,14185,13835,902179,12687338889,101412000000,7200000
401470,KODEX K-메타버스액티브,7550,0,0,7554.25,7520,7560,7455,27423,205971705,157417500000,20850000
385520,KODEX K-미래차액티브,9140,-5,-0.05,9176.67,9050,9165,9050,5066,46164950,26963000000,2950000
385510,KODEX K-신재생에너지액티브,13095,-5,-0.04,13084.67,13050,13120,12975,71449,933053850,44523000000,3400000
373490,KODEX K-이노베이션액티브,10450,10,0.1,10453.8,10385,10450,10340,10,103705,5747500000,550000
445150,KODEX K-친환경선박액티브,10665,260,2.5,10676.9,10375,10710,10375,55208,587390700,35727750000,3350000
423160,KODEX KOFR금리액티브(합성),104940,5,0,104933.89,104935,104940,104935,53762,5642190870,4193822160000,39964000
292190,KODEX KRX300,15855,-30,-0.19,15893.21,15715,15895,15715,2154,33955650,25368000000,1600000
306950,KODEX KRX300레버리지,13020,25,0.19,13174.84,12935,13020,12935,418,5433985,13020000000,1000000
404260,KODEX KRX기후변화솔루션,11585,-40,-0.34,11570.16,11540,11600,11470,228,2625015,32438000000,2800000
229720,KODEX KTOP30,17085,-20,-0.12,17149.88,17000,17085,16980,373,6354605,10251000000,600000
291890,KODEX MSCI EM선물(H),7690,5,0.07,7708.99,7755,7755,7690,63,487820,4998500000,650000
289040,KODEX MSCI KOREA ESG유니버설,10020,25,0.25,10005.72,9950,10020,9920,22,219315,11022000000,1100000
156080,KODEX MSCI Korea,15920,-25,-0.16,15991.87,15920,15920,15920,6,95520,7960000000,500000
278540,KODEX MSCI Korea TR,11295,5,0.04,11333.29,11275,11340,11220,457,5145875,502627500000,44500000
275280,KODEX MSCI모멘텀,10810,-25,-0.23,10799.38,0,0,0,0,0,6486000000,600000
275290,KODEX MSCI밸류,10805,-20,-0.18,10848.11,10810,10810,10805,902,9750535,6483000000,600000
275300,KODEX MSCI퀄리티,8340,0,0,8353.85,0,0,0,0,0,5004000000,600000
269420,KODEX S&P글로벌인프라(합성),13485,95,0.71,13608.56,13260,13540,13255,4404,58876035,24219060000,1796000
433970,KODEX TDF2030액티브,10885,5,0.05,10888.3,10880,10885,10840,7626,82945615,9796500000,900000
433980,KODEX TDF2040액티브,11090,-10,-0.09,11120.42,11100,11100,11085,1236,13712390,5545000000,500000
434060,KODEX TDF2050액티브,11315,40,0.35,11308.58,11305,11315,11245,12146,136921090,22064250000,1950000
329650,KODEX TRF3070,11485,10,0.09,11521.95,11490,11490,11465,37356,428568310,144711000000,12600000
329660,KODEX TRF5050,12860,-45,-0.35,12906.65,12865,12910,12850,5250,67483890,23148000000,1800000
329670,KODEX TRF7030,14330,35,0.24,14310.28,14310,14330,14210,7458,106551330,22928000000,1600000
352540,KODEX TSE일본리츠(H),12080,35,0.29,12061.92,12045,12085,12025,46824,564149095,15704000000,1300000
315930,KODEX Top5PlusTR,18860,-20,-0.11,18892.36,18740,18880,18705,983,18477740,952430000000,50500000
261220,KODEX WTI원유선물(H),14650,50,0.34,14705.21,14675,14735,14645,113469,1666423215,83505000000,5700000
271050,KODEX WTI원유선물인버스(H),4430,-15,-0.34,4410.98,4425,4430,4400,183859,811665135,43857000000,9900000
468370,KODEX iShares미국인플레이션국채액티브,9810,45,0.46,9807.73,9780,9810,9760,1245,12173015,9613800000,980000
468630,KODEX iShares미국투자등급회사채액티브,10100,50,0.5,10108.46,10080,10105,10050,9498,95652265,12423000000,1230000
468380,KODEX iShares미국하이일드액티브,9960,90,0.91,9954,9905,9960,9880,378698,3756231700,9960000000,1000000
117700,KODEX 건설,3400,20,0.59,3393.89,3340,3400,3340,59256,200182685,25160000000,7400000
300950,KODEX 게임산업,7115,55,0.78,7111.05,6970,7135,6925,154186,1085314550,23479500000,3300000
266390,KODEX 경기소비재,8610,-15,-0.17,8601,8605,8610,8520,178,1527705,5166000000,600000
279530,KODEX 고배당,9140,25,0.27,9156.12,9115,9150,9110,13540,123671610,30162000000,3300000
132030,KODEX 골드선물(H),12695,45,0.36,12699.02,12685,12700,12665,42669,541250370,172652000000,13600000
280940,KODEX 골드선물인버스(H),6950,-25,-0.36,6949.15,6950,6960,6925,6111,42381900,2780000000,400000
138910,KODEX 구리선물(H),6620,-30,-0.45,6685.85,6670,6670,6620,2252,14947170,11254000000,1700000
471230,KODEX 국고채10년액티브,101865,-295,-0.29,101855.77,102300,102320,101865,202257,20663642845,61119000000,600000
439870,KODEX 국고채30년액티브,98805,-620,-0.62,98512.07,99255,99675,98805,2695,267753100,283965570000,2874000
114260,KODEX 국고채3년,58300,-25,-0.04,58299.35,58325,58385,58295,2582,150592885,328695400000,5638000
152380,KODEX 국채선물10년,63660,-200,-0.31,63619.81,63860,63920,63660,1597,101872830,77919840000,1224000
176950,KODEX 국채선물10년인버스,55165,135,0.25,55222.78,0,0,0,0,0,6619800000,120000
292770,KODEX 국채선물3년인버스,53980,0,0,53995.2,0,0,0,0,0,6477600000,120000
276990,KODEX 글로벌로봇(합성),15620,40,0.26,15686.75,15505,15695,15505,3890,60655915,24367200000,1560000
102960,KODEX 기계장비,6160,10,0.16,6182.07,6160,6220,6105,10170,62717825,10472000000,1700000
352560,KODEX 다우존스미국리츠(H),10835,-55,-0.51,10828.96,10900,10900,10785,3136,33910905,14627250000,1350000
273140,KODEX 단기변동금리부채권액티브,108570,5,0,108585.01,108570,108575,108570,70,7599920,358932420000,3306000
153130,KODEX 단기채권,107740,10,0.01,107740.08,107735,107750,107735,71821,7738436870,764199820000,7093000
214980,KODEX 단기채권PLUS,108455,20,0.02,108443.24,108445,108455,108445,7503,813709060,1245280310000,11482000
122630,KODEX 레버리지,16380,60,0.37,16488.62,16100,16445,16045,13602439,220666132880,2318589000000,141550000
321410,KODEX 멀티에셋하이인컴(H),9270,70,0.76,9210.45,9270,9270,9270,21,194670,4635000000,500000
244620,KODEX 모멘텀Plus,11630,35,0.3,11674.86,11595,11630,11565,482,5597165,6978000000,600000
428560,KODEX 미국ETF산업Top10 Indxx,12325,150,1.23,12435.57,12310,12325,12180,7768,95558205,8627500000,700000
314250,KODEX 미국FANG플러스(H),30220,-255,-0.84,30419.11,30315,30325,30220,115802,3505918330,459344000000,15200000
449180,KODEX 미국S&P500(H),10805,-35,-0.32,10813.2,10795,10820,10795,60665,655763770,190708250000,17650000
379800,KODEX 미국S&P500TR,13310,60,0.45,13332.94,13265,13320,13230,238805,3170008835,617584000000,46400000
453660,KODEX 미국S&P500경기소비재,11705,0,0,11820.46,11705,11705,11705,17,198985,8778750000,750000
453650,KODEX 미국S&P500금융,11285,105,0.94,11337.24,11190,11285,11175,1287,14420175,10720750000,950000
276970,KODEX 미국S&P500배당귀족커버드콜(합성 H),8445,15,0.18,8406.83,8430,8455,8410,18013,152065685,41380500000,4900000
200030,KODEX 미국S&P500산업재(합성),23925,130,0.55,23932.53,23820,23925,23685,428,10186640,13732950000,574000
219480,KODEX 미국S&P500선물(H),21085,-75,-0.35,21103.11,21075,21110,21070,33012,696406270,139161000000,6600000
218420,KODEX 미국S&P500에너지(합성),12735,45,0.35,12788.64,12685,12745,12670,4614,58704015,26539740000,2084000
463640,KODEX 미국S&P500유틸리티,9310,40,0.43,9440.55,9300,9310,9270,322,2988895,9310000000,1000000
463680,KODEX 미국S&P500테크놀로지,10470,0,0,10510.92,10470,10470,10365,4354,45299910,10470000000,1000000
463690,KODEX 미국S&P500통신서비스,10290,-85,-0.82,10458.52,10370,10370,10290,40,413200,10290000000,1000000
453630,KODEX 미국S&P500필수소비재,9500,50,0.53,9645.6,9520,9520,9460,475,4504895,9500000000,1000000
453640,KODEX 미국S&P500헬스케어,10130,55,0.55,10309.47,10160,10215,10075,6359,64557695,9117000000,900000
185680,KODEX 미국S&P바이오(합성),20285,-315,-1.53,20356.41,20355,20355,20200,1245,25245075,10264210000,506000
449190,KODEX 미국나스닥100(H),12825,-115,-0.89,12860.42,12825,12860,12825,67304,863922260,125043750000,9750000
379810,KODEX 미국나스닥100TR,13725,-10,-0.07,13765.96,13690,13735,13645,197384,2702343595,546941250000,39850000
409820,KODEX 미국나스닥100레버리지(합성 H),7590,-120,-1.56,7621.65,7580,7615,7580,209203,1589371270,182539500000,24050000
304940,KODEX 미국나스닥100선물(H),19140,-185,-0.96,19190.44,19140,19185,19135,114649,2196300130,135894000000,7100000
409810,KODEX 미국나스닥100선물인버스(H),9675,75,0.78,9660.63,9675,9685,9660,50519,488563610,13061250000,1350000
455030,KODEX 미국달러SOFR금리액티브(합성),10310,80,0.78,10345.4,10155,10310,10155,16515,169613900,330641700000,32070000
261240,KODEX 미국달러선물,12090,100,0.83,12139.96,12050,12095,12020,71230,858592925,69880200000,5780000
261250,KODEX 미국달러선물레버리지,12555,185,1.5,12615.19,12475,12560,12395,66119,825687325,31638600000,2520000
261270,KODEX 미국달러선물인버스,8725,-60,-0.68,8723.69,8755,8775,8715,38167,333867390,35161750000,4030000
261260,KODEX 미국달러선물인버스2X,6770,-105,-1.53,6765.92,6815,6865,6765,427715,2915233425,73454500000,10850000
280930,KODEX 미국러셀2000(H),11145,-155,-1.37,11128.11,11130,11165,11115,2473,27533670,21175500000,1900000
411420,KODEX 미국메타버스나스닥액티브,8600,-30,-0.35,8642.36,8630,8630,8540,18859,161528585,73530000000,8550000
390390,KODEX 미국반도체MV,14420,-130,-0.89,14473.11,14380,14425,14315,117914,1691840065,112476000000,7800000
441640,KODEX 미국배당프리미엄액티브,9690,85,0.88,9692.12,9635,9690,9625,456928,4413482060,41667000000,4300000
390400,KODEX 미국스마트모빌리티S&P,5265,-75,-1.4,5258,5295,5295,5210,1700,8896365,8424000000,1600000
437080,KODEX 미국종합채권SRI액티브(H),96030,-115,-0.12,96057.98,96100,96135,95985,971,93271810,67509090000,703000
308620,KODEX 미국채10년선물,10725,90,0.85,10725.9,10660,10725,10655,30192,322748630,36465000000,3400000
304660,KODEX 미국채울트라30년선물(H),7695,-50,-0.65,7683.62,7720,7720,7685,550867,4241670830,289332000000,37600000
304670,KODEX 미국채울트라30년선물인버스(H),11590,55,0.48,11609.91,11560,11605,11560,1619,18762790,8113000000,700000
419420,KODEX 미국클린에너지나스닥,6200,-65,-1.04,6204.3,6185,6200,6140,2082,12848580,7440000000,1200000
266360,KODEX 미디어&엔터테인먼트,12210,200,1.67,12204.85,11950,12225,11895,11900,143927545,24420000000,2000000
244580,KODEX 바이오,7785,-5,-0.06,7772.12,7760,7800,7705,96343,746601625,114595200000,14720000
091160,KODEX 반도체,34350,145,0.42,34415.7,33800,34425,33785,996379,34000771190,577080000000,16800000
325020,KODEX 배당가치,12650,5,0.04,12644.18,12545,12650,12545,689,8675750,113850000000,9000000
211900,KODEX 배당성장,13565,-10,-0.07,13624.28,13550,13640,13530,450,6104115,17634500000,1300000
237370,KODEX 배당성장채권혼합,12050,0,0,12046.78,12040,12060,12000,8951,107596245,21690000000,1800000
244670,KODEX 밸류Plus,8485,50,0.59,8524.23,8465,8520,8465,65,551460,4242500000,500000
140700,KODEX 보험,8010,105,1.33,8005.02,7905,8020,7905,10227,81507040,13617000000,1700000
102780,KODEX 삼성그룹,8810,50,0.57,8815.93,8690,8820,8690,277113,2434486195,1125918000000,127800000
213610,KODEX 삼성그룹밸류,8570,25,0.29,8600.37,8500,8590,8490,142658,1224094020,231390000000,27000000
448330,KODEX 삼성전자채권혼합Wise,10895,0,0,10891.46,10840,10905,10840,15454,168114970,34864000000,3200000
251350,KODEX 선진국MSCI World,22505,160,0.72,22480.1,22475,22505,22360,5757,129303545,290314500000,12900000
437070,KODEX 아시아달러채권SRI플러스액티브,50630,415,0.83,50576.72,50440,50630,50440,1106,55994690,55996780000,1106000
446690,KODEX 아시아반도체공급망exChina액티브,13700,65,0.48,13771.85,13510,13700,13510,3026622,41208905765,45210000000,3300000
117460,KODEX 에너지화학,15720,-60,-0.38,15701.46,15740,15740,15555,3883,60948025,12104400000,770000
140710,KODEX 운송,4420,-15,-0.34,4440.14,4375,4450,4375,15130,66773705,11934000000,2700000
456250,KODEX 유럽명품TOP10 STOXX,8295,-5,-0.06,8316.2,8295,8295,8215,10652,87681465,24885000000,3000000
400570,KODEX 유럽탄소배출권선물ICE(H),11650,-195,-1.65,11623.27,11665,11685,11625,53428,622212190,44503000000,3820000
144600,KODEX 은선물(H),4505,10,0.22,4517.92,4505,4520,4500,45072,203169800,77486000000,17200000
091170,KODEX 은행,6510,10,0.15,6530.55,6410,6540,6410,209343,1362234290,353818500000,54350000
453810,KODEX 인도Nifty50,10845,95,0.88,10832.85,10805,10845,10745,88868,957611425,95978250000,8850000
453820,KODEX 인도Nifty50레버리지(합성),11310,30,0.27,11307.29,11065,11335,11065,5832,65390810,33930000000,3000000
114800,KODEX 인버스,4565,-5,-0.11,4563.23,4605,4620,4555,11409019,52383298275,569255500000,124700000
101280,KODEX 일본TOPIX100,17540,140,0.8,17439.24,17645,17645,17400,7140,125175370,37184800000,2120000
091180,KODEX 자동차,17990,-110,-0.61,18040.06,17960,18055,17830,111465,1998606390,626052000000,34800000
363570,KODEX 장기종합채권(AA-이상)액티브KAP,88755,-20,-0.02,88552.76,88780,88855,88755,463,41114545,164463015000,1853000
273130,KODEX 종합채권(AA-이상)액티브,106325,-165,-0.15,106341.18,106525,106620,106310,14480,1541456590,2796028525000,26297000
102970,KODEX 증권,6335,-25,-0.39,6353.46,6315,6365,6300,31361,198344905,44661750000,7050000
419430,KODEX 차이나2차전지MSCI(합성),5755,-105,-1.79,5920.26,5885,5885,5725,10446,60195490,45464500000,7900000
169950,KODEX 차이나A50,17155,-65,-0.38,17329.22,17130,17160,17030,477,8157025,25732500000,1500000
283580,KODEX 차이나CSI300,10595,0,0,10702.01,10650,10650,10585,12980,137683105,84230250000,7950000
099140,KODEX 차이나H,14860,-115,-0.77,14933.65,14900,14975,14800,79733,1186526300,35664000000,2400000
204450,KODEX 차이나H레버리지(H),1620,-30,-1.82,1625.97,1630,1645,1605,649819,1055279650,56700000000,35000000
415340,KODEX 차이나과창판STAR50(합성),6555,-45,-0.68,6712.76,6600,6600,6450,778,5084515,19665000000,3000000
428510,KODEX 차이나메타버스액티브,9625,0,0,9701,9625,9625,9625,102,981750,4812500000,500000
256750,KODEX 차이나심천ChiNext(합성),8265,-50,-0.6,8470.98,8320,8320,8235,1413,11675495,26257905000,3177000
372330,KODEX 차이나항셍테크,5785,-40,-0.69,5813.89,5885,5885,5755,172084,996114530,183095250000,31650000
117680,KODEX 철강,9350,65,0.7,9377.1,9265,9350,9165,78904,735449660,28143500000,3010000
279540,KODEX 최소변동성,10115,-5,-0.05,10189.66,10115,10115,10115,9,91035,6069000000,600000
229200,KODEX 코스닥150,12780,-90,-0.7,12832.04,12720,12830,12675,12056802,153642508130,725904000000,56800000
233740,KODEX 코스닥150레버리지,9635,-140,-1.43,9697.71,9555,9730,9435,22842748,218856609865,1149455500000,119300000
360150,KODEX 코스닥150롱코스피200숏선물,9845,-40,-0.4,9843.15,9920,9920,9845,499,4913110,7876000000,800000
251340,KODEX 코스닥150선물인버스,3915,35,0.9,3919.79,3925,3955,3895,56842629,222933484675,395806500000,101100000
461450,KODEX 코스닥글로벌,9985,75,0.76,10036.62,9960,9990,9930,18,179495,10983500000,1100000
226490,KODEX 코스피,25645,35,0.14,25668.55,25385,25695,25385,226811,5806960347,315433500000,12300000
237350,KODEX 코스피100,26185,85,0.33,26254.03,25945,26245,25945,1097,28600795,27494250000,1050000
359210,KODEX 코스피TR,12240,15,0.12,12240.68,12165,12240,12130,899,10937340,35496000000,2900000
337140,KODEX 코스피대형주,12060,-20,-0.17,12102.44,12080,12080,12000,365,4392835,19296000000,1600000
138920,KODEX 콩선물(H),15075,-20,-0.13,15163.56,15100,15140,15075,332,5019220,7537500000,500000
244660,KODEX 퀄리티Plus,8485,35,0.41,8516.89,0,0,0,0,0,4242500000,500000
375770,KODEX 탄소효율그린뉴딜,8440,-25,-0.3,8461.96,8410,8440,8375,325,2724520,26164000000,3100000
459560,KODEX 테슬라밸류체인FactSet,10250,120,1.18,10310.52,10285,10285,10160,4280,43677115,9737500000,950000
266410,KODEX 필수소비재,6540,-10,-0.15,6542.12,6555,6555,6505,2989,19472155,10464000000,1600000
298770,KODEX 한국대만IT프리미어,19360,-70,-0.36,19502.32,19420,19425,19235,6409,124093465,75504000000,3900000
450190,KODEX 한중반도체(합성),11885,-45,-0.38,11975.05,0,0,0,0,0,7131000000,600000
450180,KODEX 한중전기차(합성),8830,-125,-1.4,9030.92,8935,8935,8830,111,984995,6181000000,700000
266420,KODEX 헬스케어,12165,-15,-0.12,12169.92,12140,12200,12050,14774,179624795,103402500000,8500000
364690,KODEX 혁신기술테마액티브,11930,-95,-0.79,12017.64,11965,12005,11825,22,263010,7158000000,600000
069660,KOSEF 200,33720,30,0.09,33770.96,33555,33785,33390,11080,371071630,322026000000,9550000
294400,KOSEF 200TR,42105,90,0.21,42145.86,41830,42165,41660,10183,425786030,555786000000,13200000
253250,KOSEF 200선물레버리지,14830,20,0.14,14888.22,14630,14905,14550,11319,167366225,7563300000,510000
253240,KOSEF 200선물인버스,5910,-10,-0.17,5899.97,5950,5955,5900,10089,59803775,3546000000,600000
253230,KOSEF 200선물인버스2X,2555,-5,-0.2,2543,2590,2600,2540,37288,95774770,6259750000,2450000
460280,KOSEF Fn유전자혁신기술,9000,-170,-1.85,9003.6,9070,9075,8935,431,3884140,6750000000,750000
331910,KOSEF Fn중소형,20365,0,0,20496.9,20365,20365,20365,19,386935,7331400000,360000
469790,KOSEF K-테크TOP10,10815,55,0.51,10865.6,10700,10850,10670,40984,438183250,8652000000,800000
100910,KOSEF KRX100,5210,-15,-0.29,5228.37,5185,5215,5180,1096,5692385,9378000000,1800000
450120,KOSEF SK그룹대표주,11265,-10,-0.09,11253.85,11150,11265,11150,132,1472255,6195750000,550000
104530,KOSEF 고배당,8885,15,0.17,8902.7,8870,8900,8830,1946,17271580,11550500000,1300000
148070,KOSEF 국고채10년,110855,-280,-0.25,110818.68,112000,112000,110855,12359,1373953725,590857150000,5330000
167860,KOSEF 국고채10년레버리지,103685,-790,-0.76,103633.01,104420,104435,103685,661,69003210,14515900000,140000
114470,KOSEF 국고채3년,108845,-50,-0.05,108838.03,108880,108890,108845,25,2721890,26122800000,240000
130730,KOSEF 단기자금,104530,15,0.01,104518.99,104525,104530,104525,3335,348596290,164948340000,1578000
411860,KOSEF 독일DAX,10190,5,0.05,10260.4,10190,10190,10190,10,101900,3566500000,350000
394340,KOSEF 릭소글로벌디지털경제MSCI,8595,90,1.06,8549.96,8555,8595,8555,76,651320,5157000000,600000
394350,KOSEF 릭소글로벌퓨처모빌리티MSCI,8905,-165,-1.82,8966.75,8940,8960,8905,1761,15684710,29386500000,3300000
430500,KOSEF 물가채KIS,108660,-120,-0.11,108656.31,108865,108885,108655,99,10765545,10866000000,100000
426330,KOSEF 미국ETF산업STOXX,10630,80,0.76,10692.07,10495,10630,10495,14,148270,3720500000,350000
449770,KOSEF 미국S&P500,11785,45,0.38,11798.82,11750,11785,11725,171,2007805,12963500000,1100000
449780,KOSEF 미국S&P500(H),11580,-50,-0.43,11599.29,11575,11595,11570,2439,28220440,9264000000,800000
453080,KOSEF 미국나스닥100(H),13125,-130,-0.98,13164.45,13125,13150,13120,908,11919220,14437500000,1100000
138230,KOSEF 미국달러선물,14400,115,0.81,14423.51,14335,14400,14300,1946,27900695,32976000000,2290000
225800,KOSEF 미국달러선물레버리지,11995,175,1.48,12039.05,11905,11995,11835,3566,42582545,14394000000,1200000
139660,KOSEF 미국달러선물인버스,9095,-85,-0.93,9088.63,9130,9150,9095,1083,9876365,9276900000,1020000
230480,KOSEF 미국달러선물인버스2X,5960,-75,-1.24,5946.11,6005,6035,5960,5010,30057475,11920000000,2000000
373790,KOSEF 미국방어배당성장나스닥,12515,125,1.01,12576.5,12420,12520,12420,26416,329935740,7509000000,600000
104520,KOSEF 블루칩,7635,70,0.93,7637.94,7565,7640,7550,757,5745975,9925500000,1300000
200250,KOSEF 인도Nifty50(합성),19985,115,0.58,19920.66,19860,19985,19780,42659,845958135,179865000000,9000000
441330,KOSEF 차이나A50커넥트MSCI,7845,-25,-0.32,7967.48,7915,7915,7845,7100,56098570,9414000000,1200000
445930,KOSEF 차이나A50커넥트레버리지MSCI(합성H),7565,-215,-2.76,7742.35,7725,7725,7565,1234,9428870,4917250000,650000
445950,KOSEF 차이나A50커넥트인버스MSCI(합성 H),10615,0,0,10616.48,10615,10615,10615,300,3184500,6899750000,650000
454180,KOSEF 차이나내수소비TOP CSI,7960,-15,-0.19,8064.16,8005,8005,7945,37,294625,4378000000,550000
316670,KOSEF 코스닥150,6385,-60,-0.93,6405.34,6415,6415,6340,1736,11054015,14047000000,2200000
291630,KOSEF 코스닥150선물레버리지,4610,-70,-1.5,4628.1,4590,4640,4525,10374,47479230,4425600000,960000
291620,KOSEF 코스닥150선물인버스,7040,60,0.86,7027.2,7050,7095,7000,8929,62900075,4083200000,580000
467540,KOSEF 코스닥글로벌,10390,0,0,10374.38,10335,10390,10315,29,300265,7792500000,750000
153270,KOSEF 코스피100,25380,-15,-0.06,25441.93,25215,25380,25180,62,1567185,7614000000,300000
122260,KOSEF 통안채1년,104745,5,0,104734.05,104760,104760,104745,73,7646915,41898000000,400000
466400,KTOP 25-08 회사채(A+이상)액티브,101120,30,0.03,101105.97,101150,101150,101120,2101,212464440,102636800000,1015000
451060,KTOP K200액티브,10585,10,0.09,10593.14,10505,10605,10475,18295,192760035,123844500000,11700000
463290,KTOP 단기금융채액티브,101265,10,0.01,101249.03,101255,101270,101255,2068,209396055,138125460000,1364000
168300,KTOP 코스피50,23815,10,0.04,23813.11,23610,23845,23570,311,7367440,3929475000,165000
471040,KoAct 글로벌AI&로봇액티브,10035,-50,-0.5,10115.9,10065,10065,10000,141680,1421578300,8028000000,800000
462900,KoAct 바이오헬스케어액티브,9715,-20,-0.21,9732.84,9680,9785,9655,46685,454278980,99578750000,10250000
407170,MASTER 스마트커머스액티브,7175,45,0.63,7183.67,7125,7175,7105,92,658600,3946250000,550000
407160,MASTER 테크미디어텔레콤액티브,8625,60,0.7,8620.81,8560,8625,8540,511,4379525,5175000000,600000
411540,SOL 200 Top10,8240,-10,-0.12,8239.99,8195,8240,8155,85,698785,36256000000,4400000
295040,SOL 200TR,12040,10,0.08,12051.6,11950,12065,11935,378,4537090,213108000000,17700000
449540,SOL 24-06 국고채액티브,103475,10,0.01,103430.23,103475,103475,103475,110,11382250,10657925000,103000
469820,SOL 24-12 회사채(AA-이상)액티브,50165,0,0,50156.57,50170,50170,50165,649,32560260,75247500000,1500000
462540,SOL 25-09 회사채(AA-이상)액티브,50605,5,0.01,50611.86,50615,50620,50605,47,2378795,125804030000,2486000
455860,SOL 2차전지소부장Fn,7880,-40,-0.51,7869.11,7870,7950,7790,658495,5175895235,207638000000,26350000
444200,SOL KEDI메가테크액티브,11945,15,0.13,11943.64,11805,11945,11800,697,8288190,7764250000,650000
363510,SOL KIS단기통안채,105250,0,0,105222.91,105250,105250,105250,2,210500,25049500000,238000
292500,SOL KRX300,15915,25,0.16,15992.67,15870,15965,15870,41,652145,11140500000,700000
404650,SOL KRX기후변화솔루션,11620,-40,-0.34,11602.92,11545,11625,11490,65,752610,6972000000,600000
438570,SOL 국고채10년,104000,-205,-0.2,103869.94,104475,104475,104000,747,77862105,101712000000,978000
438560,SOL 국고채3년,104115,-10,-0.01,104083.43,104175,104175,104115,346,36032310,20718885000,199000
400590,SOL 글로벌탄소배출권선물ICE(합성),12635,55,0.44,12661.07,12580,12635,12550,8998,113312920,17689000000,1400000
461600,SOL 미국30년국채액티브(H),9120,-75,-0.82,9127.8,9150,9150,9115,12584,114893510,7296000000,800000
433330,SOL 미국S&P500,12255,45,0.37,12304.11,12210,12255,12205,15556,190179545,52696500000,4300000
399110,SOL 미국S&P500ESG,11660,60,0.52,11672.42,11630,11660,11585,18515,214949370,23320000000,2000000
447620,SOL 미국TOP5채권혼합40 Solactive,11590,100,0.87,11493.72,11490,11590,11490,11446,132327625,26657000000,2300000
446720,SOL 미국배당다우존스,9065,50,0.55,9071.28,9045,9065,9005,174223,1573533605,329059500000,36300000
452360,SOL 미국배당다우존스(H),9960,-20,-0.2,9955.15,9945,9965,9945,144915,1442969835,99600000000,10000000
455850,SOL 반도체소부장Fn,12950,145,1.13,12973.28,12570,12985,12570,1347669,17339563505,290080000000,22400000
400580,SOL 유럽탄소배출권선물S&P(H),11645,-200,-1.69,11618.45,11670,11670,11625,8034,93564545,9316000000,800000
459370,SOL 유럽탄소배출권선물인버스ICE(H),11830,185,1.59,11888.58,11770,11880,11770,1752,20722285,5915000000,500000
464610,SOL 의료기기소부장Fn,9475,-35,-0.37,9559.32,9510,9565,9445,107267,1020681490,15633750000,1650000
466930,SOL 자동차TOP3플러스,9655,-110,-1.13,9719.78,9680,9710,9600,85961,830664730,9655000000,1000000
464600,SOL 자동차소부장Fn,9705,0,0,9707.81,9640,9720,9610,78665,758841770,18439500000,1900000
466920,SOL 조선TOP3플러스,9380,245,2.68,9390.27,9150,9455,9150,190566,1793347420,36113000000,3850000
436140,SOL 종합채권(AA-이상)액티브,102780,-170,-0.17,102682.19,103015,103015,102780,2,205795,415847880000,4046000
220130,SOL 차이나강소기업CSI500(합성 H),4395,-15,-0.34,4463.53,4410,4420,4395,170,750365,3955500000,900000
415760,SOL 차이나육성산업액티브(합성),6260,-65,-1.03,6504.21,6375,6375,6240,770,4848780,6886000000,1100000
413220,SOL 차이나태양광CSI(합성),4995,-10,-0.2,5069.38,5000,5000,4955,182,905650,4995000000,1000000
469830,SOL 초단기채권액티브,50125,5,0.01,50115.55,50115,50125,50115,2848,142744835,66566000000,1328000
450910,SOL 코스닥150,12560,-30,-0.24,12644.02,12590,12590,12465,29,362105,24366400000,1940000
423170,SOL 한국형글로벌반도체액티브,12965,-100,-0.77,12993.13,12880,12965,12830,18096,233083145,18151000000,1400000
429980,SOL 한국형글로벌전기차&2차전지액티브,9900,-60,-0.6,9939,9940,9940,9770,1120,11047200,5346000000,540000
429990,SOL 한국형글로벌플랫폼&메타버스액티브,11050,95,0.87,11112.93,10985,11050,10920,17,187165,5525000000,500000
102110,TIGER 200,33805,15,0.04,33848.2,33550,33895,33490,909703,30646744325,2587772750000,76550000
139260,TIGER 200 IT,31610,-10,-0.03,31650.29,31480,31650,31280,443148,13925750555,813641400000,25740000
139220,TIGER 200 건설,3220,15,0.47,3218.41,3165,3225,3165,30096,96164535,19770800000,6140000
139290,TIGER 200 경기소비재,14615,-120,-0.81,14673.9,14635,14640,14565,1381,20198635,5261400000,360000
139270,TIGER 200 금융,6385,15,0.24,6384.84,6255,6390,6255,8344,53107375,11493000000,1800000
227550,TIGER 200 산업재,5985,0,0,5986.7,5960,5985,5940,15,89405,5506200000,920000
227560,TIGER 200 생활소비재,7815,20,0.26,7813.45,7795,7815,7785,813,6352535,3594900000,460000
139250,TIGER 200 에너지화학,13885,0,0,13890.89,13870,13890,13740,2325,32068495,55262300000,3980000
139230,TIGER 200 중공업,3320,45,1.37,3331.24,3280,3340,3255,476455,1581511880,68126400000,20520000
139240,TIGER 200 철강소재,8905,20,0.23,8954.44,8885,8925,8860,1528,13604630,10329800000,1160000
227540,TIGER 200 헬스케어,16945,-65,-0.38,16996.54,16985,17035,16830,6701,113548485,35923400000,2120000
243880,TIGER 200IT레버리지,38385,-115,-0.3,38438.52,37995,38390,37645,4301,163241190,30708000000,800000
310960,TIGER 200TR,18835,15,0.08,18850.21,18710,18860,18660,897,16794890,26369000000,1400000
252000,TIGER 200동일가중,10755,-40,-0.37,10803.56,10795,10795,10750,4,43055,1613250000,150000
267770,TIGER 200선물레버리지,12555,45,0.36,12574.61,12380,12595,12275,173660,2156627460,82863000000,6600000
252710,TIGER 200선물인버스2X,2690,-5,-0.19,2680.11,2725,2740,2675,886368,2404549580,93612000000,34800000
243890,TIGER 200에너지화학레버리지,8275,95,1.16,8247.05,8135,8290,8085,2654,21778010,4137500000,500000
315270,TIGER 200커뮤니케이션서비스,17425,130,0.75,17463.36,17125,17490,17120,49,844595,5227500000,300000
166400,TIGER 200커버드콜5%OTM,12105,25,0.21,12113.67,12050,12105,12025,390,4710840,6052500000,500000
289480,TIGER 200커버드콜ATM,8600,5,0.06,8612.78,8595,8600,8560,26912,230893245,22360000000,2600000
447780,TIGER 23-12 국공채액티브,207845,-5,0,207853.24,207850,207850,207845,13,2702025,217717637500,1047500
453530,TIGER 24-04 회사채(A+이상)액티브,51330,-10,-0.02,51331.56,51340,51345,51330,15257,783233480,481064760000,9372000
447820,TIGER 24-10 회사채(A+이상)액티브,53590,15,0.03,53599.19,53600,53605,53585,14789,792612650,574163260000,10714000
470260,TIGER 24-12 금융채(AA-이상),50035,-5,-0.01,50022.17,50040,50040,50030,14799,740474090,300210000000,6000000
453540,TIGER 25-10 회사채(A+이상)액티브,51110,-15,-0.03,51127.58,51140,51150,51110,35335,1806737675,439137120000,8592000
462010,TIGER 2차전지소재Fn,8165,-70,-0.85,8190.3,8175,8300,8100,2773675,22724117290,725868500000,88900000
305540,TIGER 2차전지테마,26055,-205,-0.78,26097.06,26010,26275,25810,594993,15484293085,1227190500000,47100000
471760,TIGER AI반도체핵심공정,10090,115,1.15,10085.78,9805,10125,9800,1656444,16542227985,75675000000,7500000
365040,TIGER AI코리아그로스액티브,11725,0,0,11757.3,11695,11725,11630,128,1495710,14070000000,1200000
357870,TIGER CD금리투자KIS(합성),53360,10,0.02,53354.53,53360,53365,53360,312457,16672875335,7260588480000,136068000
400970,TIGER Fn메타버스,7740,50,0.65,7745.41,7635,7750,7605,114281,874784510,131580000000,17000000
396500,TIGER Fn반도체TOP10,10010,20,0.2,10009.11,9845,10015,9845,1493047,14853159165,567567000000,56700000
377990,TIGER Fn신재생에너지,8660,30,0.35,8664.81,8630,8665,8570,9530,82126755,19918000000,2300000
417630,TIGER KEDI혁신기업ESG30,9975,-20,-0.2,9987.46,9940,9995,9880,32941,327927425,32418750000,3250000
449170,TIGER KOFR금리액티브(합성),103495,10,0.01,103483.04,103490,103495,103490,5743,594354795,3789469425000,36615000
364960,TIGER KRX BBIG K-뉴딜,6310,55,0.88,6300.31,6215,6325,6175,42409,266023900,175418000000,27800000
412560,TIGER KRX BBIG K-뉴딜레버리지,2315,75,3.35,2340.04,2200,2315,2180,5634,12573935,2315000000,1000000
364980,TIGER KRX2차전지K-뉴딜,14755,-95,-0.64,14807.41,14735,14935,14650,409421,6045705380,297313250000,20150000
412570,TIGER KRX2차전지K-뉴딜레버리지,5330,15,0.28,5318.78,5220,5415,5055,248728,1317159505,37043500000,6950000
292160,TIGER KRX300,15840,-85,-0.53,15921.97,15845,15845,15780,29,458185,11088000000,700000
364990,TIGER KRX게임K-뉴딜,5370,95,1.8,5371.95,5245,5400,5200,258284,1365243765,20406000000,3800000
404540,TIGER KRX기후변화솔루션,11615,-135,-1.15,11663.84,11625,11685,11550,1917,22165210,22068500000,1900000
364970,TIGER KRX바이오K-뉴딜,5815,5,0.09,5828.12,5800,5855,5750,173647,1007743205,94203000000,16200000
365000,TIGER KRX인터넷K-뉴딜,3605,30,0.84,3606.04,3595,3610,3520,91948,328145780,38934000000,10800000
228820,TIGER KTOP30,8555,20,0.23,8588.5,8555,8580,8465,703,5972450,7271750000,850000
300610,TIGER K게임,7895,40,0.51,7874.24,7840,7895,7695,10729,83383855,13816250000,1750000
138530,TIGER LG그룹+펀더멘털,8055,5,0.06,8046.85,8050,8055,7965,2840,22671920,12404700000,1540000
445910,TIGER MKF배당귀족,11660,55,0.47,11657.79,11550,11660,11550,5264,61209215,19822000000,1700000
289260,TIGER MSCI KOREA ESG리더스,8350,-75,-0.89,8429.33,8385,8385,8350,139,1165660,14028000000,1680000
289250,TIGER MSCI KOREA ESG유니버설,9900,0,0,9931.59,0,0,0,0,0,6831000000,690000
310970,TIGER MSCI Korea TR,14210,25,0.18,14221.33,14125,14220,14060,6370,90019775,1010331000000,71100000
269370,TIGER S&P글로벌인프라(합성),11430,155,1.37,11426.33,11350,11430,11350,124,1409600,7429500000,650000
248270,TIGER S&P글로벌헬스케어(합성),19495,300,1.56,19528.36,19385,19495,19315,3915,75785630,30022300000,1540000
292150,TIGER TOP10,11095,-30,-0.27,11138.09,11035,11125,11005,82996,917223045,1461211500000,131700000
453950,TIGER TSMC밸류체인FACTSET,11520,-35,-0.3,11627.51,11540,11540,11420,1203,13804740,12672000000,1100000
139280,TIGER 경기방어,8655,-20,-0.23,8684.36,8640,8680,8620,3742,32347525,61450500000,7100000
237440,TIGER 경기방어채권혼합,8905,-10,-0.11,8936.35,8930,8930,8905,3771,33587775,7124000000,800000
319640,TIGER 골드선물(H),13585,65,0.48,13584.76,13590,13590,13550,19650,266700265,33283250000,2450000
160580,TIGER 구리실물,9680,160,1.68,9829.81,9605,9700,9605,21193,204827310,22748000000,2350000
451530,TIGER 국고채30년스트립액티브,45755,-290,-0.63,45537.26,46115,46300,45755,69993,3229187610,174052020000,3804000
114820,TIGER 국채3년,106155,-60,-0.06,106146.62,106220,106280,106155,461,48959035,71017695000,669000
275980,TIGER 글로벌4차산업혁신기술(합성 H),15655,-135,-0.85,15677.31,15615,15675,15605,8060,125976900,151853500000,9700000
464310,TIGER 글로벌AI&로보틱스 INDXX,9735,20,0.21,9765.82,9720,9750,9685,40198,390614060,22390500000,2300000
466950,TIGER 글로벌AI액티브,10475,45,0.43,10409.22,10425,10475,10320,416855,4322811045,22416500000,2140000
387270,TIGER 글로벌BBIG액티브,11660,-15,-0.13,11720.48,11650,11665,11610,4504,52428365,39061000000,3350000
394670,TIGER 글로벌리튬&2차전지SOLACTIVE(합성),7130,-100,-1.38,7258.17,7230,7230,7095,42799,305296610,341954800000,47960000
440340,TIGER 글로벌멀티에셋TIF액티브,9400,50,0.53,9412.35,9355,9400,9350,5175,48537670,25850000000,2750000
412770,TIGER 글로벌메타버스액티브,7780,-15,-0.19,7814.94,7780,7780,7745,22977,178251375,148053400000,19030000
418670,TIGER 글로벌사이버보안INDXX,10270,135,1.33,10318.82,10240,10270,10160,7263,74141975,11091600000,1080000
276000,TIGER 글로벌자원생산기업(합성 H),14890,45,0.3,14894.73,14900,14915,14830,224,3325925,11912000000,800000
394660,TIGER 글로벌자율주행&전기차SOLACTIVE,9720,-80,-0.82,9755.51,9800,9800,9610,20062,193766320,326980800000,33640000
371450,TIGER 글로벌클라우드컴퓨팅INDXX,9360,-75,-0.79,9420.3,9295,9395,9295,6415,59815840,45302400000,4840000
464930,TIGER 글로벌혁신블루칩TOP10,10090,-50,-0.49,10200.32,10080,10110,10080,1548376,15631353575,103422500000,10250000
139310,TIGER 금속선물(H),5500,15,0.27,5550.18,5530,5530,5500,323,1781120,3300000000,600000
139320,TIGER 금은선물(H),9620,65,0.68,9658.13,9610,9630,9580,856,8209035,7696000000,800000
137610,TIGER 농산물선물Enhanced(H),7110,30,0.42,7126.06,7140,7140,7090,2056,14607155,18486000000,2600000
182490,TIGER 단기선진하이일드(합성 H),12535,15,0.12,12524.58,12535,12535,12525,2332,29217155,15042000000,1200000
272580,TIGER 단기채권액티브,52870,10,0.02,52866.3,52880,52880,52865,4237,224020765,653155980000,12354000
157450,TIGER 단기통안채,105185,10,0.01,105171.44,105180,105190,105180,11139,1171648600,716730590000,6814000
105010,TIGER 라틴35,4310,-5,-0.12,4303,4305,4310,4265,11890,50870005,6034000000,1400000
123320,TIGER 레버리지,15995,40,0.25,16036.64,15695,16080,15680,60898,967255525,46385500000,2900000
174350,TIGER 로우볼,11500,70,0.61,11485.94,11465,11500,11465,14,160885,10120000000,880000
329200,TIGER 리츠부동산인프라,4290,5,0.12,4292.72,4290,4290,4270,256638,1098585030,308880000000,72000000
341850,TIGER 리츠부동산인프라채권TR KIS,4590,0,0,4605.06,4595,4595,4555,1295,5918215,25245000000,5500000
147970,TIGER 모멘텀,24050,15,0.06,24132.45,24010,24140,24010,25,600640,6253000000,260000
182480,TIGER 미국MSCI리츠(합성 H),11290,-70,-0.62,11276.34,11300,11315,11245,12926,145987555,107255000000,9500000
360750,TIGER 미국S&P500,14740,70,0.48,14760.56,14670,14740,14645,601085,8834328415,2050334000000,139100000
448290,TIGER 미국S&P500TR(H),11020,-45,-0.41,11036.64,11020,11040,11015,43844,483534810,145464000000,13200000
225040,TIGER 미국S&P500레버리지(합성 H),29160,-175,-0.6,29220.65,29140,29245,29120,6513,189951360,46656000000,1600000
429000,TIGER 미국S&P500배당귀족,10015,115,1.16,10001.8,9925,10015,9925,14063,140324465,31547250000,3150000
143850,TIGER 미국S&P500선물(H),51140,-175,-0.34,51198.03,51125,51215,51120,51736,2647135840,278713000000,5450000
225030,TIGER 미국S&P500선물인버스(H),3630,10,0.28,3625.66,3630,3630,3620,30441,110447980,6352500000,1750000
133690,TIGER 미국나스닥100,92335,-25,-0.03,92566.94,92145,92335,91740,81455,7501604035,2469037900000,26740000
448300,TIGER 미국나스닥100TR(H),13090,-120,-0.91,13122.66,13090,13110,13080,110130,1442081505,90975500000,6950000
435420,TIGER 미국나스닥100TR채권혼합Fn,11280,-5,-0.04,11280.41,11280,11285,11250,7925,89340095,28200000000,2500000
418660,TIGER 미국나스닥100레버리지(합성),12735,-35,-0.27,12842.63,12670,12750,12590,14737,186680750,39478500000,3100000
441680,TIGER 미국나스닥100커버드콜(합성),9625,40,0.42,9678.98,9600,9625,9585,191927,1843153535,218968750000,22750000
429010,TIGER 미국나스닥넥스트100,10305,45,0.44,10377.61,10260,10305,10200,33,337060,8244000000,800000
203780,TIGER 미국나스닥바이오,18070,-125,-0.69,18152.24,18090,18090,18005,2774,50052140,33971600000,1880000
245340,TIGER 미국다우존스30,22555,85,0.38,22608.23,22470,22565,22455,7251,163133705,82100200000,3640000
456610,TIGER 미국달러SOFR금리액티브(합성),50000,400,0.81,50031.09,49820,50005,49700,2218,110422930,189500000000,3790000
329750,TIGER 미국달러단기채권액티브,11535,90,0.79,11533.27,11500,11535,11460,143526,1651195875,551026950000,47770000
261110,TIGER 미국달러선물레버리지,12635,210,1.69,12671.71,12530,12635,12465,9470,118731320,7581000000,600000
261120,TIGER 미국달러선물인버스2X,6755,-125,-1.82,6763.08,6830,6865,6755,42445,288507720,19589500000,2900000
458750,TIGER 미국배당+3%프리미엄다우존스,9725,65,0.67,9724.6,9695,9725,9660,136265,1319381395,30147500000,3100000
458760,TIGER 미국배당+7%프리미엄다우존스,9510,65,0.69,9514.35,9455,9510,9435,359737,3407931275,226813500000,23850000
458730,TIGER 미국배당다우존스,9895,60,0.61,9907.95,9835,9895,9815,305858,3012779260,285965500000,28900000
305080,TIGER 미국채10년선물,11140,90,0.81,11148.78,11105,11145,11080,72453,804574075,116970000000,10500000
458250,TIGER 미국채30년스트립액티브(합성 H),42595,-590,-1.37,42677.43,42855,42875,42595,104368,4462224460,120714230000,2834000
465670,TIGER 미국캐시카우100,9700,5,0.05,9776.76,9670,9700,9670,660,6395270,9700000000,1000000
381170,TIGER 미국테크TOP10 INDXX,14575,-15,-0.1,14620.83,14540,14575,14485,873987,12703038675,1640416250000,112550000
458260,TIGER 미국투자등급회사채액티브(H),48700,-125,-0.26,48732.91,48770,48770,48690,3027,147492005,67303400000,1382000
381180,TIGER 미국필라델피아반도체나스닥,12845,-195,-1.5,12908.82,12805,12865,12785,638429,8185688930,1524701500000,118700000
423920,TIGER 미국필라델피아반도체레버리지(합성),12980,-365,-2.74,13050.17,12850,12980,12825,73826,951740430,77231000000,5950000
228810,TIGER 미디어컨텐츠,6220,45,0.73,6209.12,6120,6220,6100,90704,561053035,87328800000,14040000
091230,TIGER 반도체,35720,140,0.39,35740.48,35250,35790,35100,125075,4447021800,243610400000,6820000
098560,TIGER 방송통신,7045,-15,-0.21,7037.39,7030,7050,7020,104,731870,3945200000,560000
211560,TIGER 배당성장,16885,-95,-0.56,16968.85,16780,16950,16780,1361,22992190,17222700000,1020000
138520,TIGER 삼성그룹펀더멘털,11355,65,0.58,11395.62,11335,11380,11290,6421,72949895,29523000000,2600000
157490,TIGER 소프트웨어,8850,130,1.49,8875.13,8700,8875,8570,322645,2822660475,96465000000,10900000
463250,TIGER 스페이스테크iSelect,10505,50,0.48,10521.65,10455,10605,10425,46487,489532940,15757500000,1500000
228800,TIGER 여행레저,3460,-25,-0.72,3469.75,3480,3480,3450,123309,426625880,137535000000,39750000
227570,TIGER 우량가치,11035,30,0.27,11074.8,10960,11065,10960,514,5682085,7945200000,720000
261140,TIGER 우선주,10880,-55,-0.5,10889.82,10935,10935,10830,944,10263720,5875200000,540000
130680,TIGER 원유선물Enhanced(H),4415,15,0.34,4423.83,4405,4435,4405,194204,857748965,24061750000,5450000
217770,TIGER 원유선물인버스(H),2980,-20,-0.67,2972.28,2985,2985,2965,137162,408353230,15496000000,5200000
195930,TIGER 유로스탁스50(합성 H),15255,-70,-0.46,15360.18,15380,15380,15245,33369,509193005,41188500000,2700000
225050,TIGER 유로스탁스레버리지(합성 H),9170,-140,-1.5,9242.7,9270,9270,9165,798,7333235,8253000000,900000
245350,TIGER 유로스탁스배당30,10450,-45,-0.43,10477.03,10500,10500,10440,1119,11699695,12540000000,1200000
091220,TIGER 은행,6685,10,0.15,6679.98,6665,6690,6595,2440,16257105,10294900000,1540000
466940,TIGER 은행고배당플러스TOP10,10075,25,0.25,10074.61,10015,10095,10000,57753,579905675,24180000000,2400000
307510,TIGER 의료기기,15030,-70,-0.46,15034.24,15100,15100,14890,2959,44264275,6012000000,400000
225060,TIGER 이머징마켓MSCI레버리지(합성 H),6810,-135,-1.94,6912.29,6885,6885,6780,2071,14117230,7491000000,1100000
453870,TIGER 인도니프티50,10580,75,0.71,10585.07,10510,10595,10500,35744,376799355,110561000000,10450000
236350,TIGER 인도니프티50레버리지(합성),27410,350,1.29,27697.98,27205,27410,27190,980,26742585,27958200000,1020000
123310,TIGER 인버스,5120,0,0,5112.37,5160,5165,5105,141156,724814605,38912000000,7600000
195920,TIGER 일본TOPIX(합성 H),20140,65,0.32,20065.92,19995,20200,19995,591,11906220,10070000000,500000
241180,TIGER 일본니케이225,17795,-30,-0.17,17775.02,17720,17890,17715,14753,262878300,200371700000,11260000
465660,TIGER 일본반도체FACTSET,11125,-25,-0.22,11197.56,11150,11150,10915,23734,263322700,11125000000,1000000
292560,TIGER 일본엔선물,8375,-15,-0.18,8376.48,8390,8400,8355,578780,4847886465,155775000000,18600000
451540,TIGER 종합채권(AA-이상)액티브,50780,-95,-0.19,50721.88,50865,50885,50780,269,13676870,213682240000,4208000
150460,TIGER 중국소비테마,6160,-40,-0.65,6162.62,6200,6200,6110,16854,103269675,89628000000,14550000
302190,TIGER 중장기국채,49110,-85,-0.17,49106.33,49195,49240,49110,2967,145933930,329037000000,6700000
157500,TIGER 증권,4165,-10,-0.24,4162.86,4190,4190,4130,5034,20878195,4998000000,1200000
307520,TIGER 지주회사,9275,0,0,9314.65,9280,9280,9275,33,306085,4637500000,500000
192090,TIGER 차이나CSI300,8540,5,0.06,8619.16,8550,8560,8515,46727,398858450,213073000000,24950000
204480,TIGER 차이나CSI300레버리지(합성),14260,-30,-0.21,14608.65,14160,14350,14145,56996,808920535,89838000000,6300000
217780,TIGER 차이나CSI300인버스(합성),9235,20,0.22,9271.6,9165,9250,9165,88,809265,15237750000,1650000
245360,TIGER 차이나HSCEI,8580,-45,-0.52,8594.48,8560,8580,8490,948,8106960,40755000000,4750000
414780,TIGER 차이나과창판STAR50(합성),6380,-55,-0.85,6575.64,6440,6470,6310,9506,60552060,131109000000,20550000
371470,TIGER 차이나바이오테크SOLACTIVE,6800,-60,-0.87,6932.73,6865,6865,6755,3621,24599525,45152000000,6640000
396520,TIGER 차이나반도체FACTSET,5740,-40,-0.69,5836.52,5860,5860,5660,5975,34281055,16990400000,2960000
371460,TIGER 차이나전기차SOLACTIVE,8125,-140,-1.69,8307.1,8240,8250,8120,2836860,23154379495,2065375000000,254200000
456680,TIGER 차이나전기차레버리지(합성),5440,-180,-3.2,5705.18,5575,5595,5390,43351,236352460,35360000000,6500000
396510,TIGER 차이나클린에너지SOLACTIVE,5655,-85,-1.48,5814.41,5740,5745,5655,5656,32139680,21036600000,3720000
117690,TIGER 차이나항셍25,12810,-130,-1,12938.39,12825,12855,12635,485,6212515,5764500000,450000
371160,TIGER 차이나항셍테크,5765,-55,-0.95,5810.75,5775,5825,5750,623839,3609732250,578229500000,100300000
438320,TIGER 차이나항셍테크레버리지(합성 H),6865,-190,-2.69,6940.04,7040,7045,6845,43662,301937850,18741450000,2730000
232080,TIGER 코스닥150,13135,-85,-0.64,13191.91,13135,13185,13010,106850,1396601670,126096000000,9600000
233160,TIGER 코스닥150 레버리지,10645,-155,-1.44,10666.48,10705,10745,10435,226884,2401190115,51096000000,4800000
261060,TIGER 코스닥150IT,15440,10,0.06,15490.07,15430,15475,15330,73,1126185,3396800000,220000
261070,TIGER 코스닥150바이오테크,7675,-35,-0.45,7718.49,7695,7760,7630,22591,173742905,19341000000,2520000
250780,TIGER 코스닥150선물인버스,3985,35,0.89,3980.44,3995,4025,3970,1392325,5565391235,18331000000,4600000
461580,TIGER 코스닥글로벌,9905,-40,-0.4,10025.34,9950,9965,9905,9,89395,9905000000,1000000
277630,TIGER 코스피,25805,35,0.14,25894.74,25685,25900,25640,1031,26543755,125154250000,4850000
210780,TIGER 코스피고배당,13705,45,0.33,13716.56,13725,13725,13610,948,12953245,28780500000,2100000
277640,TIGER 코스피대형주,12485,-25,-0.2,12525.55,12450,12495,12425,875,10917735,5618250000,450000
277650,TIGER 코스피중형주,13715,40,0.29,13765.52,0,0,0,0,0,5486000000,400000
376410,TIGER 탄소효율그린뉴딜,8380,-20,-0.24,8399.06,8350,8400,8315,1496,12471570,15922000000,1900000
447770,TIGER 테슬라채권혼합Fn,11270,70,0.63,11277.43,11230,11280,11230,51658,581739275,82834500000,7350000
438330,TIGER 투자등급회사채액티브,105695,0,0,105615.51,105755,105755,105695,165,17441490,121972030000,1154000
387280,TIGER 퓨처모빌리티액티브,9145,-25,-0.27,9132.75,9105,9145,9065,914,8301425,28166600000,3080000
449690,TIGER 한중반도체(합성),11735,-25,-0.21,11833.79,11735,11735,11735,172,2018420,9974750000,850000
449680,TIGER 한중전기차(합성),8655,-155,-1.76,8816.59,8800,8800,8655,18,156525,8222250000,950000
143860,TIGER 헬스케어,27480,-95,-0.34,27577.39,27395,27620,27280,107806,2961781140,219840000000,8000000
138540,TIGER 현대차그룹+펀더멘털,23240,-70,-0.3,23281.3,23500,23500,23075,3251,75392830,137580800000,5920000
228790,TIGER 화장품,2380,-25,-1.04,2378.83,2405,2410,2360,512153,1217153995,67401600000,28320000
441800,TIMEFOLIO Korea플러스배당액티브,11000,-25,-0.23,11003.38,10925,11030,10925,10015,109775440,13860000000,1260000
385720,TIMEFOLIO Kstock액티브,8385,-5,-0.06,8383.79,8355,8385,8320,20131,168236890,57018000000,6800000
463050,TIMEFOLIO K바이오액티브,8265,-40,-0.48,8266.02,8225,8330,8205,159033,1312884755,53722500000,6500000
410870,TIMEFOLIO K컬처액티브,8675,-35,-0.4,8667.02,8775,8775,8625,571,4954355,7807500000,900000
456600,TIMEFOLIO 글로벌AI인공지능액티브,13550,-90,-0.66,13616.76,13485,13570,13480,295508,3990784070,98915000000,7300000
426020,TIMEFOLIO 미국S&P500액티브,12925,0,0,12972.28,12870,12925,12850,3174,40791065,8272000000,640000
426030,TIMEFOLIO 미국나스닥100액티브,13860,-85,-0.61,13889.91,13820,13860,13740,9029,124525570,12196800000,880000
385710,TIMEFOLIO 이노베이션액티브,8180,-70,-0.85,8225.78,8150,8230,8115,139,1136645,10634000000,1300000
404120,TIMEFOLIO 탄소중립액티브,13185,75,0.57,13188.55,13060,13190,13050,13547,177938565,7911000000,600000
108590,TREX 200,34285,45,0.13,34308.62,34040,34325,33965,35,1194080,8571250000,250000
145850,TREX 펀더멘탈 200,36745,15,0.04,36701.43,36745,36745,36745,1,36745,9186250000,250000
433250,UNICORN R&D 액티브,10970,-15,-0.14,11029.53,10980,10980,10965,10,109725,4388000000,400000
470310,UNICORN 생성형AI강소기업액티브,9915,60,0.61,9955.61,9670,9965,9665,11998,118070925,9915000000,1000000
422260,VITA MZ소비액티브,8220,-15,-0.18,8307.72,8240,8275,8210,31120,256551830,12330000000,1500000
452440,VITA 밸류알파액티브,11565,65,0.57,11587.44,11510,11565,11500,17809,204963955,8095500000,700000
448100,WOORI 200,34140,30,0.09,34160.82,33920,34150,33850,2038,69496095,6828000000,200000
468820,WOORI 25-09 회사채(AA-이상)액티브,50590,35,0.07,50578.01,0,0,0,0,0,103608320000,2048000
413930,WOORI AI ESG액티브,8645,-15,-0.17,8673.29,8620,8660,8605,67,577935,7348250000,850000
458030,WOORI 단기국공채액티브,50950,-5,-0.01,50953.41,50960,50960,50950,761,38773040,46975900000,922000
426150,WOORI 대한민국국고채액티브,51345,-65,-0.13,51241.25,51435,51460,51345,309,15887235,28034370000,546000
444490,WOORI 미국S&P500,10915,-5,-0.05,11074.31,10890,11065,10890,17520,191525235,6003250000,550000
440910,WOORI 미국S&P우주항공&디펜스,11060,20,0.18,11167.17,11070,11120,11045,3417,37908830,5530000000,500000
434960,대신343 K200,33955,40,0.12,33977.27,33955,33955,33955,1,33955,28861750000,850000
403790,마이다스 KoreaStock액티브,18860,20,0.11,18874.63,18790,18860,18550,16,299345,9901500000,525000
438740,마이다스 KoreaStock중소형액티브,21170,110,0.52,21196.53,21060,21170,20925,20,420545,7938750000,375000
292340,마이티 200커버드콜ATM레버리지,7645,20,0.26,7642.79,7645,7645,7645,3,22935,3058000000,400000
465780,마이티 26-09 특수채(AAA)액티브,101400,25,0.02,101348.23,101405,101405,101400,11,1115405,74022000000,730000
442260,마이티 다이나믹퀀트액티브,11815,15,0.13,11798.49,11720,11815,11700,490,5780760,21267000000,1800000
159800,마이티 코스피100,25755,-80,-0.31,25870.38,25665,25755,25650,5,128475,7211400000,280000
462340,에셋플러스 글로벌다이나믹시니어액티브,9735,65,0.67,9775.94,9750,9750,9670,5020,48719380,7009200000,720000
433220,에셋플러스 글로벌대장장이액티브,11770,-55,-0.47,11832.09,11770,11770,11710,26,305275,8474400000,720000
451150,에셋플러스 글로벌영에이지액티브,11280,15,0.13,11308.73,11265,11280,11195,50,560410,7219200000,640000
407830,에셋플러스 글로벌플랫폼액티브,7255,-20,-0.27,7307.91,7275,7275,7230,4879,35422810,46432000000,6400000
442090,에셋플러스 코리아대장장이액티브,11350,10,0.09,11359.23,11360,11385,11270,2729,30865215,10215000000,900000
407820,에셋플러스 코리아플랫폼액티브,6755,30,0.45,6759.2,6740,6770,6720,101,680560,16212000000,2400000
152870,파워 200,34015,80,0.24,34042.92,33865,34070,33710,43,1456695,42518750000,1250000
192720,파워 고배당저변동성,28490,0,0,28590.11,28490,28610,28355,63,1792855,6837600000,240000
140950,파워 코스피100,25720,170,0.67,25704.47,25340,25735,25340,120,3052020,11316800000,440000
464230,히어로즈 24-09 회사채(AA-이상)액티브,50525,5,0.01,50521.38,50525,50525,50520,21423,1082372685,163195750000,3230000
467620,히어로즈 25-09 미국채권(AA-이상)액티브,48795,430,0.89,48815.42,48660,48795,48510,19928,968976085,11710800000,240000
464240,히어로즈 26-09 회사채(AA-이상)액티브,50575,0,0,50560.75,50615,50620,50575,18198,920859885,61701500000,1220000
458210,히어로즈 CD금리액티브(합성),101845,5,0,101830.23,101850,101850,101835,315,32078245,61107000000,600000
435530,히어로즈 TDF2030액티브,10620,25,0.24,10672.08,10570,10620,10570,3,31760,6372000000,600000
435540,히어로즈 TDF2040액티브,10865,10,0.09,10955.32,10865,10865,10865,87,945255,6519000000,600000
435550,히어로즈 TDF2050액티브,10970,15,0.14,11005.03,10935,10970,10895,52,568260,7130500000,650000
471460,히어로즈 국고채30년액티브,53240,-145,-0.27,53079.57,53470,53625,53240,12820,687154785,8518400000,160000
437550,히어로즈 글로벌리츠이지스액티브,8815,-10,-0.11,8941.14,8815,8815,8785,127,1118910,5729750000,650000
419890,히어로즈 단기채권ESG액티브,104375,5,0,104382.15,0,0,0,0,0,107506250000,1030000
429870,히어로즈 리츠이지스액티브,6915,0,0,6931.07,6925,6925,6890,53,366250,4494750000,650000
460270,히어로즈 미국달러SOFR금리액티브(합성),10460,100,0.97,10453.62,10430,10465,10395,485,5058720,8472600000,810000
459790,히어로즈 미국성장기업30액티브,10505,0,0,10570.87,0,0,0,0,0,7878750000,750000
454780,히어로즈 종합채권(AA-이상)액티브,100570,-130,-0.13,100557.13,100715,100715,100570,23,2314905,70399000000,700000
