단축코드,종목명,종가,대비,등락률,시가,고가,저가,거래량,거래대금,시가총액,상장주식수
060310,3S,2665,-40,-1.48,2705,2730,2660,98569,264176990,111861077770,41974138
054620,AP시스템,27000,-600,-2.17,27850,27850,26550,536263,14508669400,691468947000,25609961
211270,AP위성,8570,-170,-1.95,8830,8830,8520,21787,188469670,128676870280,15014804
032040,C&S자산관리,2730,0,0,2745,2760,2705,55687,151566860,77954715930,28554841
130960,CJ E&M,86900,100,0.12,87500,88100,84300,524370,45027346000,3365818534100,38732089
035760,CJ오쇼핑,160000,-1000,-0.62,161700,161700,158100,11556,1845325800,994482880000,6215518
051500,CJ프레시웨이,34850,250,0.72,34650,35150,34200,15596,540355100,413724772100,11871586
058820,CMG제약,2930,-60,-2.01,3015,3045,2930,650807,1943041570,318512224920,108707244
023460,CNH,1465,-10,-0.68,1495,1495,1465,35311,52081870,54498000000,37200000
065770,CS,1910,-5,-0.26,1900,1955,1900,71930,137843970,35975136500,18835150
083660,CSA 코스믹,3860,-40,-1.03,3855,4015,3820,93989,366812195,74131867420,19205147
068790,DMS,10950,-200,-1.79,11250,11300,10850,366126,4035584350,247168732650,22572487
241520,DSC인베스트먼트,2795,-210,-6.99,3015,3020,2780,984394,2831111095,48912500000,17500000
037370,EG,9330,-350,-3.62,9680,9750,9280,38954,374033110,69975000000,7500000
079190,EMW,2780,30,1.09,2750,2815,2750,53968,149479565,77479014220,27870149
130500,GH신소재,4655,-5,-0.11,4660,4870,4640,240332,1138094470,32585000000,7000000
032860,GMR 머티리얼즈,921,34,3.83,900,1055,899,26219758,25729106165,55222091640,59958840
900290,GRT,4265,80,1.91,4205,4320,4205,318047,1362255775,287354375000,67375000
083450,GST,6570,270,4.29,6300,6790,6300,757598,4947503400,61217584650,9317745
028150,GS홈쇼핑,180000,3000,1.69,177000,181300,174500,21587,3849680600,1181250000000,6562500
078150,HB테크놀러지,4760,10,0.21,4770,4820,4690,703530,3327049955,367274174400,77158440
036640,HRS,3815,5,0.13,3835,3875,3770,34958,133439875,62393562000,16354800
225430,IBKS제3호스팩,2005,0,0,0,0,0,0,0,9022500000,4500000
254120,IBKS제5호스팩,2010,5,0.25,1995,2010,1995,4074,8148315,9045000000,4500000
252500,IBKS지엠비스팩,2005,5,0.25,2000,2005,2000,2693,5386025,10656575000,5315000
095340,ISC,16150,200,1.25,16000,16500,16000,43072,696773950,209257681800,12957132
099520,ITX엠투엠,2235,5,0.22,2230,2305,2180,220739,493138765,31543411005,14113383
067290,JW신약,6750,-70,-1.03,6830,6950,6750,174024,1191098190,263553466500,39044958
035900,JYP Ent.,4795,-20,-0.42,4810,4855,4790,65278,314695290,163236242540,34043012
024120,KB오토시스,7210,-150,-2.04,7360,7430,7200,7132,51820350,82915000000,11500000
021320,KCC건설,8820,120,1.38,8620,8910,8610,23075,201252730,188748000000,21400000
036670,KCI,8300,-50,-0.6,8350,8350,8200,6544,53980060,93541000000,11270000
044180,KD건설,193,-6,-3.02,201,201,189,6849152,1329494440,48729835442,252486194
151860,KG ETS,3380,-70,-2.03,3430,3490,3380,113457,388437065,121680000000,36000000
046440,KG모빌리언스,7750,-140,-1.77,7870,7920,7700,130963,1019662590,160513512750,20711421
035600,KG이니시스,11250,-50,-0.44,11400,11450,11200,119299,1349041850,299025911250,26580081
060720,KH바텍,13050,950,7.85,12250,13050,12250,386126,4939467150,261000000000,20000000
083470,KJ프리텍,3715,15,0.41,3735,3850,3715,674954,2542773370,78049634945,21009323
122450,KMH,7920,-100,-1.25,8000,8000,7850,24719,195822080,106711664400,13473695
052900,KMH하이텍,1445,75,5.47,1380,1595,1380,764828,1136776075,63226347810,43755258
058400,KNN,1030,-15,-1.44,1045,1070,1030,137710,143981970,136402611600,132429720
114450,KPX생명과학,4300,-135,-3.04,4475,4475,4260,48862,212784565,64500000000,15000000
036030,KTH,7030,10,0.14,7020,7110,6910,18586,129632340,251076604660,35715022
043610,KT뮤직,3185,-30,-0.93,3240,3260,3170,45428,145483140,133177058105,41813833
060370,KT서브마린,4745,-40,-0.84,4800,4800,4735,177393,842874520,103915500000,21900000
159910,MBK,975,-25,-2.5,1010,1020,975,483263,479298683,71997701100,73843796
086960,MDS테크,19350,-300,-1.53,19550,19750,19250,70700,1371644100,170775514800,8825608
065150,MPK,1715,-5,-0.29,1745,1755,1715,104113,179846175,138586418005,80808407
160550,NEW,10250,-350,-3.3,10550,10700,10200,325200,3403616900,280912586500,27406106
060250,NHN한국사이버결제,12650,250,2.02,12450,12700,12400,121485,1528465950,232054673950,18344243
030190,NICE평가정보,6480,30,0.47,6490,6580,6450,145267,942143850,393432033600,60714820
024940,PN풍년,3135,-65,-2.03,3200,3200,3130,48941,154224915,31350000000,10000000
091340,S&K폴리텍,4670,85,1.85,4535,4700,4535,60351,280334205,40800935390,8736817
950110,SBI액시즈,3960,0,0,3960,3985,3940,19397,76786205,84606984000,21365400
019550,SBI인베스트먼트,565,-14,-2.42,582,592,565,433008,249265045,91567614875,162066575
046140,SBS콘텐츠허브,8010,-40,-0.5,8010,8080,7990,4614,36946990,171923075550,21463555
036120,SCI평가정보,1200,10,0.84,1215,1230,1185,43114,51831285,42600000000,35500000
099220,SDN,1410,5,0.36,1405,1445,1405,340254,482809115,49588409850,35169085
036540,SFA반도체,2650,-55,-2.03,2715,2750,2615,528470,1412544680,369319036100,139365674
040610,SG&G,3515,-20,-0.57,3545,3600,3510,100230,354310380,119816493940,34087196
049470,SGA,1170,-15,-1.27,1180,1205,1165,764495,904851495,100086103260,85543678
184230,SGA솔루션즈,2410,-15,-0.62,2425,2460,2410,99215,241340315,61830805760,25655936
090730,SIMPAC METALLOY,5400,-10,-0.18,5410,5490,5310,46731,250329410,70200000000,13000000
207930,SK1호스팩,1980,0,0,1985,1985,1960,4409,8688765,10890000000,5500000
219550,SK2호스팩,1925,-55,-2.78,1990,2000,1925,10418,20663735,12223750000,6350000
232330,SK3호스팩,1990,0,0,1990,1990,1990,10,19900,7164000000,3600000
057500,SKC 솔믹스,4750,360,8.2,4400,4800,4400,1910749,8924736335,292096690000,61494040
178920,SKC코오롱PI,15400,550,3.7,14950,15650,14950,1033031,15896602150,452241358800,29366322
036490,SK머티리얼즈,189200,1400,0.75,187800,190500,186600,32518,6141812400,1995619731600,10547673
052260,SK바이오랜드,16150,0,0,16150,16350,16050,32346,522539850,242250000000,15000000
066270,SK컴즈,2790,-5,-0.18,2790,2800,2785,17268,48158490,121162808700,43427530
048550,SM C&C,2055,55,2.75,1995,2090,1970,322101,656098520,142889394360,69532552
089230,THE E&M,5850,-130,-2.17,5980,6200,5850,5958,35265020,107477346600,18372196
032540,TJ미디어,4500,85,1.93,4380,4500,4380,26280,116989250,62692240500,13931609
048770,TPC,6650,-50,-0.75,6770,6820,6630,99403,665783020,85785000000,12900000
052300,W홀딩컴퍼니,885,-2,-0.23,885,896,878,348530,308115230,93209085000,105321000
040300,YTN,2500,-15,-0.6,2525,2545,2460,24686,61311860,105000000000,42000000
051390,YW,4220,-65,-1.52,4240,4290,4215,12738,53980555,47919652960,11355368
052220,iMBC,3750,-45,-1.19,3825,3825,3735,6247,23458550,86250000000,23000000
079940,가비아,6400,160,2.56,6280,6870,6240,2052148,13553617180,86628377600,13535684
078890,가온미디어,10550,150,1.44,10400,10700,10400,81723,862289000,141456826500,13408230
192410,감마누,11200,-250,-2.18,11500,11850,11200,84846,968113800,40434240000,3610200
024840,갑을메탈,3150,35,1.12,3170,3485,3080,1514076,4941851615,66910712400,21241496
217730,강스템바이오텍,9960,-140,-1.39,10050,10250,9960,29447,294068080,141597834000,14216650
094480,갤럭시아컴즈,4605,-95,-2.02,4700,4780,4570,147902,683997125,150553765515,32693543
063080,게임빌,43250,-1250,-2.81,44550,44750,43200,70578,3090582950,282092762000,6522376
039240,경남스틸,10600,-200,-1.85,10900,10900,10500,19005,201712850,53000000000,5000000
053950,경남제약,4970,-30,-0.6,5000,5000,4900,18022,88808940,55904428720,11248376
011040,경동제약,17250,-200,-1.15,17400,17500,17000,10530,182391450,228993750000,13275000
139050,경봉,2815,-135,-4.58,3020,3070,2750,2152486,6204217240,51736319185,18378799
024910,경창산업,4900,-95,-1.9,5000,5040,4860,77279,380587875,86044000000,17560000
089890,고려반도체,3435,25,0.73,3555,3555,3385,3652,12485690,28943701590,8426114
049720,고려신용정보,2620,0,0,2635,2635,2580,20131,52293985,37466000000,14300000
014570,고려제약,5610,0,0,5600,5700,5600,88203,496504970,61710000000,11000000
098460,고영,44450,2000,4.71,43000,44600,42750,183619,8046833950,607584871950,13668951
206660,골든브릿지제2호스팩,1990,5,0.25,1975,1990,1975,12184,24094255,7761000000,3900000
219580,골든브릿지제3호스팩,1955,-5,-0.26,1935,1955,1935,2154,4181035,9579500000,4900000
227950,골든브릿지제4호스팩,1940,5,0.26,1940,1940,1935,32389,62822775,14647000000,7550000
900280,골든센츄리,5250,20,0.38,5360,5500,5190,424000,2265569830,156450000000,29800000
215000,골프존,62900,100,0.16,63400,63400,62600,1208,75959000,394723603500,6275415
121440,골프존유원홀딩스,6880,30,0.44,6850,6940,6810,151993,1043273300,294717307840,42836818
014200,광림,5220,-560,-9.69,5850,5860,5010,2803557,15134965040,253162096920,48498486
026910,광진실업,5210,-470,-8.27,5660,5840,5160,1138948,6313050920,33372160050,6405405
090150,광진윈텍,4660,-260,-5.28,4910,4910,4660,155544,736429850,45008111380,9658393
223040,교보5호스팩,1975,0,0,1960,1975,1955,2478,4855820,10724250000,5430000
242040,교보비엔케이스팩,1960,-20,-1.01,1980,1980,1960,1037,2045125,13935600000,7110000
053270,구영테크,2480,25,1.02,2450,2485,2405,407949,999586535,49089551520,19794174
066620,국보디자인,16450,0,0,16400,16550,16100,10739,175345900,123375000000,7500000
043650,국순당,7160,140,1.99,7020,7180,7000,156725,1109320520,127865456640,17858304
006050,국영지앤엠,1985,-40,-1.98,2010,2075,1930,1243199,2504756725,67961137765,34237349
060480,국일신동,4470,290,6.94,4125,4755,4055,1855405,8308848400,49572300000,11090000
078130,국일제지,516,-16,-3.01,533,542,510,1319046,692202471,59855009280,115998080
019010,그랜드백화점,12400,-250,-1.98,12750,12750,12300,21334,264727900,59768000000,4820000
900070,글로벌에스엠,2000,-15,-0.74,2025,2060,1960,155822,309769075,106815894000,53407947
019660,글로본,4005,0,0,4045,4045,3910,20376,80671545,112144193235,28001047
053260,금강철강,4260,-150,-3.4,4410,4480,4215,132727,569377870,79747200000,18720000
058370,금성테크,1330,-30,-2.21,1330,1405,1305,266050,358854910,34817652380,26178686
036190,금화피에스시,35400,-150,-0.42,35550,35650,35350,3942,139684950,212400000000,6000000
049080,기가레인,5100,0,0,5100,5170,5000,37053,188650070,90292547100,17704421
035460,기산텔레콤,3970,170,4.47,3840,4020,3835,460742,1815838965,57872039800,14577340
187790,나노,1600,-40,-2.44,1650,1695,1600,262293,428706660,46761508800,29225943
151910,나노스,1695,0,0,0,0,0,0,0,163433378040,96420872
121600,나노신소재,14300,0,0,14300,14400,14050,18582,263526350,155131161900,10848333
039860,나노엔텍,4860,-60,-1.22,4930,5020,4850,44283,217038940,118770322680,24438338
091970,나노캠텍,5200,-200,-3.7,5400,5480,5160,78284,411575290,103990905200,19998251
051490,나라엠앤디,4155,15,0.36,4160,4170,4100,28545,118199655,59001000000,14200000
190510,나무가,49550,2150,4.54,47200,49800,45600,75499,3627183200,167682799150,3384113
089600,나스미디어,33000,-1100,-3.23,34250,34300,32650,21331,708036950,288904803000,8754691
138610,나이벡,8150,130,1.62,8020,8220,8000,15254,123639640,44283644400,5433576
130580,나이스디앤비,5540,-90,-1.6,5640,5640,5500,8957,49726600,85316000000,15400000
036800,나이스정보통신,27000,-950,-3.4,28000,28250,26750,18377,502674850,270000000000,10000000
091590,남화토건,5840,30,0.52,5860,5920,5760,21131,123684120,68561600000,11740000
168330,내츄럴엔도텍,15050,-450,-2.9,15500,15650,15000,126878,1931465600,293120301600,19476432
072770,네오디안테크놀로지,1400,0,0,1400,1410,1385,111294,155243175,42433556200,30309683
212560,네오오토,6580,-120,-1.79,6700,6700,6470,20026,130961260,51817256540,7874963
095660,네오위즈게임즈,10650,100,0.95,10500,10650,10500,53195,562702300,233394835200,21915008
042420,네오위즈홀딩스,15900,0,0,16050,16050,15750,15511,246661700,140824169400,8856866
085910,네오티스,5140,20,0.39,5130,5140,5100,25197,128911330,56610304920,11013678
092730,네오팜,24250,-650,-2.61,24950,24950,24250,24179,590761700,180934997250,7461237
101400,네오피델리티,3090,65,2.15,3020,3090,3000,64265,194981555,42527404260,13762914
153460,네이블,6060,-10,-0.16,6080,6150,5830,30988,185952800,39571884840,6530014
007390,네이처셀,5080,90,1.8,5020,5100,4980,645300,3256588665,258111503080,50809351
033640,네패스,9870,-80,-0.8,10000,10150,9720,387335,3845477450,215414467380,21825174
087730,네패스신소재,9720,-150,-1.52,9960,9970,9710,8511,83737340,27799200000,2860000
073070,넥센테크,3990,-80,-1.97,4050,4060,3985,36265,144966535,57855000000,14500000
089140,넥스턴,29800,600,2.05,29200,29950,28550,160039,4695429550,353026296000,11846520
065170,넥스트BT,1710,-20,-1.16,1745,1750,1680,154956,264268335,67959403110,39742341
139670,넥스트리밍,5580,-10,-0.18,5590,5640,5530,6405,35583500,39154363380,7016911
051980,넥스트바이오홀딩스,2005,35,1.78,2010,2045,1990,194794,391561015,39285508850,19593770
137940,넥스트아이,18700,-200,-1.06,18900,19200,18450,16374,305496850,223820374800,11969004
092600,넥스트칩,6180,80,1.31,6180,6200,6020,11565,71206170,83105550000,13447500
041140,넥슨지티,9130,130,1.44,9040,9190,8890,253108,2300136400,322958429860,35373322
217270,넵튠,1705,0,0,1715,1765,1675,786110,1346421940,150387124360,88203592
144510,녹십자랩셀,27500,500,1.85,27450,28550,27300,150099,4165537650,290236485000,10554054
031390,녹십자셀,25600,-100,-0.39,25700,26400,25500,27235,700105550,299416038400,11695939
142280,녹십자엠에스,10550,-100,-0.94,10700,10800,10500,15331,162572250,100858000000,9560000
054050,농우바이오,15150,-250,-1.62,15500,15500,15000,60311,915751150,216645000000,14300000
040160,누리텔레콤,9110,100,1.11,9020,9190,9020,54926,500271700,109825923850,12055535
069140,누리플랜,5830,-20,-0.34,5810,6000,5770,8101,47123070,26468683890,4540083
126870,뉴로스,4400,-10,-0.23,4365,4480,4340,28192,123403655,62444734000,14191985
060260,뉴보텍,4390,260,6.3,4060,4390,4060,476227,2002047770,108055104410,24613919
012340,뉴인텍,1145,10,0.88,1135,1155,1115,300016,339699800,56248308200,49125160
222040,뉴트리바이오텍,61300,-2000,-3.16,63400,64000,60300,59740,3688992000,632248200000,10314000
144960,뉴파워프라즈마,21950,-750,-3.3,22700,22950,21950,88377,1961597450,177959010400,8107472
900100,뉴프라이드,3270,630,23.86,2640,3430,2640,24389773,78052713695,156543948090,47872767
085670,뉴프렉스,4570,220,5.06,4345,4605,4245,217036,969722595,55878112060,12227158
053290,능률교육,6030,-240,-3.83,6270,6430,5980,271423,1684900180,69643485000,11549500
222810,닉스테크,2465,5,0.2,2465,2565,2465,486994,1220223960,37564628000,15239200
119860,다나와,6760,0,0,6780,6910,6730,149519,1016460740,88385796720,13074822
064260,다날,5400,-790,-12.76,6010,6080,5400,8906397,51991558970,229059527400,42418431
093640,다믈멀티미디어,6240,370,6.3,5870,6360,5820,254062,1547795830,40561722240,6500276
039560,다산네트웍스,6360,-140,-2.15,6520,6550,6320,166290,1064664160,137568440880,21630258
032190,다우데이타,11800,-100,-0.84,11900,12000,11750,32420,383650100,451940000000,38300000
068240,다원시스,11150,-100,-0.89,11300,11400,11050,115245,1287499100,268014434350,24037169
020400,대동금속,44750,150,0.34,46000,54000,43550,89089,4378701150,21480000000,480000
008830,대동기어,29000,650,2.29,28800,29900,28050,2561,73696450,26063808000,898752
048470,대동스틸,3845,0,0,3950,3955,3705,97615,374891555,38450000000,10000000
004780,대륙제관,6630,-70,-1.04,6700,6710,6600,16747,110997760,105438209370,15903199
017650,대림제지,1530,-105,-6.42,1620,1635,1510,726656,1123234525,68850000000,45000000
007720,대명코퍼레이션,1655,30,1.85,1675,1710,1625,507781,848116890,166824744750,100800450
078140,대봉엘에스,11850,-50,-0.42,11900,12100,11750,55770,664487850,131375961150,11086579
036480,대성미생물,141000,-8900,-5.94,148600,150500,138000,11519,1642408500,53580000000,380000
025440,대성엘텍,1155,30,2.67,1130,1155,1115,144309,163017485,114474530940,99112148
027830,대성창투,2940,-265,-8.27,3230,3290,2910,2153752,6609222850,117600000000,40000000
104040,대성파인텍,3165,-160,-4.81,3465,3525,2950,6638119,21815906200,89263656555,28203367
232140,대신밸런스제2호스팩,3050,20,0.66,3025,3085,2990,405238,1222221835,32391000000,10620000
020180,대신정보통신,2525,90,3.7,2485,2545,2345,1903334,4667093375,97033010375,38428915
045390,대아티아이,1800,35,1.98,1785,1840,1785,1139586,2069739760,128072739600,71151522
108380,대양전기공업,14850,-100,-0.67,14750,15050,14700,9271,138414300,142074895050,9567333
006580,대양제지,20200,50,0.25,19550,20550,19550,749,15123650,54237000000,2685000
215480,대우SBI스팩1호,2090,-10,-0.48,2110,2110,2080,17228,36003120,7388150000,3535000
204440,대우스팩2호,2015,-5,-0.25,2005,2020,2005,9241,18620150,11586250000,5750000
215580,대우스팩3호,1970,-10,-0.51,1980,1980,1970,1469,2900400,10657700000,5410000
048910,대원미디어,7160,-400,-5.29,7560,7650,7070,345220,2501128480,90065253360,12578946
005710,대원산업,9400,-270,-2.79,9670,9800,9250,30269,286540590,171230400000,18216000
071460,대유위니아,4420,-10,-0.23,4450,4450,4370,23735,104307455,106572962600,24111530
120240,대정화금,12200,-100,-0.81,12350,12450,12200,9365,114972750,73794469400,6048727
003310,대주산업,1965,20,1.03,1935,1975,1900,726591,1406509550,69545967750,35392350
078600,대주전자재료,4670,-80,-1.68,4800,4800,4610,38619,180285500,61920674150,13259245
065690,대진디엠피,3820,5,0.13,3815,3820,3775,1583,6013850,52135554820,13648051
096350,대창솔루션,2820,50,1.81,2855,2855,2765,23430,65816190,31584000000,11200000
140520,대창스틸,4330,-100,-2.26,4445,4455,4300,67515,293216560,63070780000,14566000
131220,대한과학,7160,-220,-2.98,7300,7480,7080,250328,1799922650,51238971960,7156281
010170,대한광통신,1290,-65,-4.8,1335,1365,1285,380683,499907485,60581074170,46962073
054670,대한뉴팜,16950,-100,-0.59,17000,17250,16850,62106,1055664550,243315894000,14354920
023910,대한약품,27500,250,0.92,27300,28100,27250,12978,358307100,165000000000,6000000
021040,대호피앤씨,1465,45,3.17,1425,1480,1415,154373,221486270,73415290090,50112826
021045,대호피앤씨우,2560,80,3.23,2470,2560,2435,325627,813139580,10860712960,4242466
067080,대화제약,19700,-650,-3.19,20450,20550,19650,73392,1466604200,359031987800,18224974
192080,더블유게임즈,37600,250,0.67,37350,37850,36850,54898,2042900100,653629940000,17383775
213420,덕산네오룩스,25950,150,0.58,25950,26050,25800,24604,637062100,311601631500,12007770
077360,덕산하이메탈,7830,-50,-0.63,7970,8020,7800,55352,436841110,177885862830,22718501
090410,덕신하우징,6290,280,4.66,5990,6450,5990,58764,366011720,50395480000,8012000
194480,데브시스터즈,12700,-600,-4.51,13350,13450,12550,81037,1041124350,140831506500,11089095
017680,데코앤이,1195,-55,-4.4,1240,1245,1175,851672,1029185420,82216515045,68800431
206560,덱스터,7280,50,0.69,7260,8300,7260,2014409,15927617910,157905158320,21690269
067990,도이치모터스,4850,70,1.46,4840,4915,4740,162599,788444005,127377043800,26263308
100130,동국S&C,5520,80,1.47,5450,5660,5450,551633,3064092530,315429360000,57143000
005160,동국산업,4140,50,1.22,4125,4170,4095,73156,302638350,224572155480,54244482
075970,동국알앤에스,2490,-100,-3.86,2630,2635,2465,213641,540752120,45816000000,18400000
086450,동국제약,54400,2800,5.43,51700,55200,51700,44212,2379246200,483724800000,8892000
099410,동방선기,2200,-15,-0.68,2215,2265,2190,52018,114883000,29790204400,13541002
045890,동부라이텍,1980,-55,-2.7,2035,2035,1980,51076,101890975,51416119260,25967737
226440,동부스팩3호,1960,0,0,1960,1960,1945,834,1628565,8722000000,4450000
230490,동부제4호스팩,1940,-10,-0.51,1950,1950,1940,4772,9278025,10282000000,5300000
033500,동성화인텍,6970,410,6.25,6570,7030,6560,781250,5395673830,188075754730,26983609
025950,동신건설,7100,-120,-1.66,7230,7300,7080,29066,207996940,59640000000,8400000
088130,동아엘텍,23250,-350,-1.48,23650,23750,23050,176941,4122308250,259244382000,11150296
041930,동아화성,4900,25,0.51,4875,4900,4835,10154,49588540,77420000000,15800000
038500,동양시멘트,3105,-35,-1.11,3140,3170,3070,38294,118393575,333344022165,107357173
060380,동양에스텍,3435,-55,-1.58,3480,3495,3390,20660,70835935,34350000000,10000000
079960,동양이엔피,13850,-50,-0.36,13900,13950,13750,12629,174922350,108861000000,7860000
228340,동양파일,7760,-20,-0.26,7780,7840,7630,50661,392019410,155200000000,20000000
104460,동양피엔에프,4840,-60,-1.22,4900,4945,4840,16316,79467105,51853945000,10713625
088910,동우,4215,0,0,4220,4265,4175,134308,567549095,96780783600,22961040
094170,동운아나텍,12100,250,2.11,11800,12700,11800,160690,1954317850,72491100000,5991000
013120,동원개발,4010,110,2.82,3900,4045,3860,274990,1079859160,364140481000,90808100
109860,동일금속,9800,20,0.2,9800,9810,9740,1396,13642330,68600000000,7000000
032960,동일기연,13100,100,0.77,13000,13100,12900,1835,23953550,75670499400,5776374
023790,동일철강,5870,150,2.62,5780,5900,5650,12117,69898310,43115648950,7345085
005290,동진쎄미켐,9610,30,0.31,9590,9670,9510,287619,2758460480,455824047430,47432263
025900,동화기업,32050,0,0,32250,32250,31600,13658,435481000,460134029800,14356756
078590,두올산업,2330,-10,-0.43,2315,2390,2315,83977,196639875,29999379100,12875270
030350,드래곤플라이,7150,-460,-6.04,7610,7970,7110,959371,7174667470,105549036450,14762103
203650,드림시큐리티,1555,-50,-3.12,1585,1615,1515,735346,1149946190,53345447470,34305754
073190,디비케이,3500,-10,-0.28,3420,3945,3360,2453036,8996054630,41888140000,11968040
066670,디스플레이텍,4225,10,0.24,4215,4280,4155,137096,578738385,78973353550,18691918
214680,디알텍,2015,55,2.81,1960,2065,1945,1593031,3234705905,81500624400,40446960
109740,디에스케이,31700,-500,-1.55,31950,34500,31700,109807,3651069550,206050000000,6500000
090710,디에스티로봇,3890,-130,-3.23,4020,4075,3770,357542,1388497405,76879742700,19763430
131030,디에이치피코리아,8170,-10,-0.12,8180,8270,8050,37450,304416190,135334391490,16564797
196490,디에이테크놀로지,15000,0,0,14900,15450,14750,116018,1750927350,90655290000,6043686
066900,디에이피,4360,325,8.05,3990,4450,3980,185492,788906570,99166033080,22744503
127120,디엔에이링크,5680,-120,-2.07,5610,5820,5600,35902,203002580,35661857280,6278496
092070,디엔에프,15900,100,0.63,15800,16200,15800,136502,2182492950,171113065200,10761828
101000,디엠씨,2280,130,6.05,2160,2340,2100,416722,919835845,60995679480,26752491
134580,디엠티,5000,-1340,-21.14,5820,6050,5000,994348,5297590985,56250000000,11250000
039840,디오,31550,-2250,-6.66,33500,34700,30750,457537,14756425500,478657764650,15171403
079810,디이엔티,8430,-150,-1.75,8420,8780,8340,11484,97705000,74551750320,8843624
113810,디젠스,2600,350,15.56,2240,2880,2210,4725818,12424123195,56226175200,21625452
043360,디지아이,5270,-120,-2.23,5390,5490,5250,157908,846242060,47430000000,9000000
106520,디지탈옵틱,3065,-85,-2.7,3150,3185,3060,193953,598398600,63367698040,20674616
068930,디지털대성,4080,-90,-2.16,4180,4205,4080,133222,547957035,90681969840,22225973
033130,디지틀조선,2785,-125,-4.3,2925,2930,2770,732851,2069842785,103366018595,37115267
033310,디케이디앤아이,2285,-20,-0.87,2305,2305,2205,25114,56570285,50206959135,21972411
105740,디케이락,5550,-80,-1.42,5630,5680,5530,13968,78092370,43598324700,7855554
187220,디티앤씨,9350,-110,-1.16,9420,9550,9250,31423,295473810,92135404900,9854054
131180,딜리,2190,55,2.58,2165,2190,2125,29125,63083140,64276500000,29350000
042510,라온시큐어,2510,-25,-0.99,2520,2560,2510,90872,230602565,79842126120,31809612
050120,라이브플렉스,1685,-15,-0.88,1710,1710,1670,55021,92737740,70132272995,41621527
171120,라이온켐텍,18550,-200,-1.07,18950,18950,18500,26846,500203350,285410392750,15386005
171010,램테크놀러지,4480,-20,-0.44,4550,4550,4445,36902,165386315,50995687680,11382966
084650,랩지노믹스,10000,-50,-0.5,10100,10150,9930,67068,669690870,85335990000,8533599
141080,레고켐바이오,31050,50,0.16,31000,31600,30500,22759,703831200,308674477350,9941207
060300,레드로버,5310,-60,-1.12,5370,5490,5310,104382,562240750,226402475310,42637001
038390,레드캡투어,17300,0,0,17400,17400,17150,2405,41441350,148598004000,8589480
228850,레이언스,18000,500,2.86,17500,18200,17500,113806,2046625950,298638252000,16591014
047440,레이젠,2780,-290,-9.45,3065,3145,2775,1883064,5434759665,46198398620,16618129
238120,로고스바이오,14650,-500,-3.3,15100,15400,14600,16961,253614350,52179256600,3561724
090360,로보스타,16550,0,0,16750,16950,16350,48984,812149600,129090000000,7800000
900260,로스웰,2530,15,0.6,2525,2560,2490,235259,591671050,229676562500,90781250
016170,로엔,75500,1200,1.62,74800,75800,74300,29456,2222693300,1909523727500,25291705
067730,로지시스,6080,0,0,6200,6930,6000,4120036,27250727080,56792805760,9340922
071280,로체시스템즈,13600,200,1.49,13500,13750,13100,132197,1775538750,111851867200,8224402
109960,로코조이,5250,-140,-2.6,5380,5600,5250,737318,3994089370,113853138000,21686312
038060,루멘스,3720,25,0.68,3665,3740,3665,120687,447766170,175869636480,47276784
082800,루미마이크로,1260,65,5.44,1220,1340,1215,366905,463304540,47801250000,37937500
085370,루트로닉,30450,-200,-0.65,30650,31050,29600,75256,2267535450,331997598450,10903041
08537M,루트로닉3우C,30350,-150,-0.49,30250,30900,30050,3119,93979100,51627383450,1701067
060240,룽투코리아,9240,60,0.65,9280,9280,9020,44884,412411320,173436611040,18770196
042940,르네코,1920,10,0.52,1940,1940,1880,110456,210181380,28135368960,14653838
058470,리노공업,38850,400,1.04,38500,39200,38500,28555,1110545900,592166074500,15242370
039980,리노스,3490,5,0.14,3500,3610,3460,342502,1202750675,125626573970,35996153
016100,리더스코스메틱,17950,-550,-2.97,18500,18850,17850,142665,2597802500,322014330150,17939517
197210,리드,11700,50,0.43,11700,12150,11550,66027,778021000,62186412600,5315078
012700,리드코프,6530,-80,-1.21,6630,6630,6440,97273,634089820,174672471900,26749230
038340,리젠,720,0,0,0,0,0,0,0,38938799520,54081666
131100,리켐,1950,-35,-1.76,1970,2030,1945,169326,336631020,32253744900,16540382
042500,링네트,4165,85,2.08,4090,4190,4090,46981,194920545,61587346870,14786878
098120,마이크로컨텍솔,6470,-90,-1.37,6610,6670,6440,64193,420163110,53783596020,8312766
147760,마이크로프랜드,10400,200,1.96,10400,10600,10100,371847,3854237250,110670206400,10641366
035480,마제스타,2360,-90,-3.67,2540,2540,2360,364941,888366915,107177342080,45414128
038290,마크로젠,29200,-450,-1.52,29750,30000,29050,39513,1158799300,261954426400,8971042
005990,매일유업,42400,100,0.24,42150,42400,41700,28064,1178930250,575732979200,13578608
127160,매직마이크로,4530,100,2.26,4700,4700,4355,12925,57394250,28186226250,6222125
093520,매커스,3230,-145,-4.3,3395,3400,3200,120658,397428280,52206787160,16163092
141070,맥스로텍,1935,35,1.84,1915,1955,1860,753963,1450152040,46395442755,23976973
067280,멀티캠퍼스,35000,-1250,-3.45,36350,36900,34900,21041,749208850,207437265000,5926779
072870,메가스터디,34500,450,1.32,34000,34600,33800,2680,91309600,138562039500,4016291
215200,메가스터디교육,48450,700,1.47,47150,48500,47150,858,41089550,112616017200,2324376
133750,메가엠디,6870,120,1.78,6850,7020,6670,1795819,12352688430,153672233910,22368593
041920,메디아나,14400,500,3.6,13800,14550,13800,34992,499683700,124567142400,8650496
086900,메디톡스,408300,3000,0.74,408100,414000,404400,15785,6452852800,2309563240500,5656535
078160,메디포스트,52100,-700,-1.33,52800,53600,52000,40044,2112548300,409423734100,7858421
065650,메디프론,4855,125,2.64,4745,4860,4705,294980,1416342135,129041593615,26579113
021880,메이슨캐피탈,630,-34,-5.12,650,664,595,3559504,2247632209,46158681240,73267748
140410,메지온,20650,-550,-2.59,21200,21400,20400,9162,190253350,168462700000,8158000
059210,메타바이오메드,4415,0,0,4405,4485,4385,79465,352248990,96575577545,21874423
058110,멕아이씨에스,6440,80,1.26,6480,6480,6350,12332,79189380,34528060000,5361500
096640,멜파스,7020,70,1.01,7010,7020,6890,59638,415928750,149225200020,21257151
080420,모다이노칩,9090,90,1,9130,9250,9000,15293,138267990,362334771990,39860811
149940,모다정보통신,10950,-100,-0.9,11150,11400,10600,258132,2819448600,143884018350,13140093
080160,모두투어,30950,0,0,30750,31000,30500,74921,2311276000,389970000000,12600000
100030,모바일리더,11650,200,1.75,11450,11750,11450,7150,83168000,38255268100,3283714
101330,모베이스,10050,0,0,10150,10200,9880,184499,1840656950,156297600000,15552000
033200,모아텍,4790,10,0.21,4770,4820,4770,33848,162184250,68646376150,14331185
006920,모헨즈,4400,-85,-1.9,4470,4530,4400,55963,248678700,48048000000,10920000
001810,무림SP,3520,0,0,3500,3560,3455,57306,199964945,77924000000,22137500
161570,미동앤씨네마,6430,50,0.78,6320,6510,6310,26323,167934650,88681183980,13791786
095500,미래나노텍,6350,220,3.59,6150,6350,6130,132368,830332770,147888534550,23289533
215750,미래에셋제3호스팩,1995,-5,-0.25,0,0,0,0,0,12169500000,6100000
239340,미래에셋제5호스팩,1995,5,0.25,2000,2000,1995,571,1139375,9576000000,4800000
049950,미래컴퍼니,22650,0,0,22650,23000,22300,10905,246325550,173517754200,7660828
213090,미래테크놀로지,9400,-180,-1.88,9500,9640,9350,7068,66646800,51700000000,5500000
207760,미스터블루,3755,145,4.02,3580,3965,3580,213429,818517980,90724382270,24160954
059090,미코,3130,80,2.62,3115,3140,2995,291610,887838715,89805794110,28691947
201490,미투온,9300,-800,-7.92,10100,10150,9300,1918292,18747365450,280172934600,30126122
214180,민앤지,32200,-250,-0.77,32300,32900,31850,59170,1904843150,191374710800,5943314
206640,바디텍메드,19950,-350,-1.72,20300,20550,19950,59486,1207250550,422239695150,21164897
018700,바른손,11800,250,2.16,11750,11800,11350,140594,1632211250,164066020000,13903900
035620,바른손이앤에이,2755,25,0.92,2735,2835,2710,774526,2146088195,184602463945,67006339
064520,바른전자,2135,275,14.78,1870,2335,1870,41238706,90281153880,138512898860,64877236
029480,바른테크놀로지,1715,-55,-3.11,1780,1915,1705,2807068,5048482065,38682948325,22555655
053030,바이넥스,15400,-250,-1.6,15800,15800,15400,109888,1702179550,481996099200,31298448
084990,바이로메드,107700,-1100,-1.01,109000,109900,104900,83092,8853300000,1718489202000,15956260
064550,바이오니아,7140,-10,-0.14,7350,7350,7020,7374,52454970,115129415520,16124568
208710,바이오로그디바이스,2600,110,4.42,2530,2780,2515,5361886,14300039505,71246531200,27402512
142760,바이오리더스,6570,10,0.15,6580,6750,6560,52833,349928330,81167816700,12354310
038460,바이오스마트,4650,0,0,4660,4735,4610,27672,129398525,81053996550,17430967
086040,바이오톡스텍,5710,-210,-3.55,5860,6010,5710,21727,127143350,82336047330,14419623
032980,바이온,1780,10,0.56,1815,1895,1775,262676,481945770,42117147820,23661319
043150,바텍,33300,-700,-2.06,34300,34400,33250,49516,1661337250,494646724800,14854256
046310,백금T&A,4900,280,6.06,4620,4900,4450,362622,1692721080,70137375000,14313750
036620,버추얼텍,2300,-210,-8.37,2420,2470,2290,854426,2018627765,39960020600,17373922
104200,벅스,10750,-350,-3.15,10900,11150,10450,79987,855909950,159396162500,14827550
177350,베셀,6720,-10,-0.15,6740,6810,6670,126587,854802430,75212712960,11192368
225530,보광산업,9500,70,0.74,9430,9550,9250,79194,746299230,218310000000,22980000
014100,보령메디앙스,14500,-50,-0.34,14700,14850,14300,42227,611444450,159500000000,11000000
006910,보성파워텍,4525,-290,-6.02,4740,4860,4370,1654054,7622684255,207492603475,45854719
026260,보타바이오,1500,-45,-2.91,1575,1575,1480,235234,352615445,44843601000,29895734
014470,부방,4440,20,0.45,4400,4505,4380,218379,969917835,209983095600,47293490
008470,부스타,5920,20,0.34,5900,5940,5820,22762,133687850,49756416000,8404800
100120,뷰웍스,70000,0,0,70500,70700,68200,26520,1856507800,700130550000,10001865
066980,브레인콘텐츠,1240,0,0,1250,1255,1230,268238,333144670,186399568920,150322233
064480,브리지텍,6710,-10,-0.15,6750,6830,6700,94870,640712550,80201275000,11952500
033560,블루콤,10250,-150,-1.44,10500,10600,10250,45278,470612650,196800000000,19200000
200780,비씨월드제약,22350,-550,-2.4,23250,23250,22250,8858,199430450,149160502800,6673848
141000,비아트론,23200,-150,-0.64,23400,23650,23050,139460,3261242450,281061272000,12114710
090460,비에이치,16700,100,0.6,16750,17050,16550,197328,3307075500,261102629600,15634888
083650,비에이치아이,5870,670,12.88,5250,5870,5120,969837,5411649640,152620000000,26000000
086670,비엠티,8160,-180,-2.16,8340,8410,7960,386980,3147126900,66475676640,8146529
082920,비츠로셀,14200,0,0,14200,14500,14150,43906,626482050,231825678400,16325752
054220,비츠로시스,1530,-90,-5.56,1565,1585,1500,1298166,2014024305,61627065840,40279128
042370,비츠로테크,4955,-265,-5.08,5240,5280,4920,163750,827148705,110763440715,22353873
032850,비트컴퓨터,5050,-120,-2.32,5180,5250,5050,116774,600406250,83947629650,16623293
093190,빅솔론,12400,100,0.81,12250,12400,12250,3000,37013300,126480000000,10200000
065450,빅텍,3580,0,0,3540,3615,3520,1309656,4665883830,87710000000,24500000
069540,빛과전자,7060,-60,-0.84,7180,7200,7000,35937,254368400,50615639240,7169354
072950,빛샘전자,6270,70,1.13,6230,6320,6180,59208,369333300,37620000000,6000000
143240,사람인에이치알,18400,-200,-1.08,18700,18950,18350,94851,1770810600,214070439200,11634263
123260,사파이어테크놀로지,5500,-240,-4.18,5740,5740,5320,24724,136696660,45802729500,8327769
100090,삼강엠앤티,5780,70,1.23,5760,5860,5710,59203,342272600,97414391780,16853701
122350,삼기오토모티브,3105,-90,-2.82,3215,3215,3090,223040,700131370,95718629880,30827256
014970,삼륭물산,6930,0,0,6870,6960,6830,3744,25847070,104816250000,15125000
018310,삼목에스폼,14000,-200,-1.41,14150,14300,14000,24141,340116550,205800000000,14700000
053700,삼보모터스,6010,-60,-0.99,6160,6160,5980,117292,709367560,73195399350,12178935
009620,삼보산업,24800,0,0,24700,25200,24650,1581,39122350,34720000000,1400000
023600,삼보판지,8440,-100,-1.17,8540,8540,8290,103101,863734400,118160000000,14000000
111870,삼본정밀전자,14400,0,0,14450,14950,14250,293089,4267462000,136800000000,9500000
009300,삼아제약,19450,-300,-1.52,19550,20000,19250,21899,426613650,123896500000,6370000
054540,삼영엠텍,6010,0,0,6010,6170,6010,231747,1411730100,78130000000,13000000
065570,삼영이엔씨,8400,20,0.24,8350,8450,8350,18368,154111870,73920000000,8800000
082660,삼우엠스,2245,15,0.67,2260,2280,2195,70917,157368010,45096026665,20087317
073640,삼원테크,853,-15,-1.73,880,880,853,152496,131866461,24150477200,28312400
032280,삼일,2655,-40,-1.48,2695,2720,2650,74395,198615670,43047081450,16213590
002290,삼일기업공사,4015,25,0.63,4050,4050,3820,242646,946831010,49786000000,12400000
037460,삼지전자,8890,-160,-1.77,9000,9140,8600,293003,2596092710,127449920360,14336324
032750,삼진,7250,0,0,7270,7270,7150,14153,101796120,43500000000,6000000
054090,삼진엘앤디,2860,15,0.53,2845,2860,2790,109741,310290850,65389409800,22863430
000250,삼천당제약,11550,50,0.43,11450,11800,11400,303171,3515672850,254106040650,22000523
024950,삼천리자전거,12350,-50,-0.4,12400,12450,12250,26118,321370350,163928675950,13273577
017480,삼현철강,4345,20,0.46,4375,4375,4280,14517,62640075,68229057050,15702890
046390,삼화네트웍스,1595,-5,-0.31,1600,1615,1560,212730,335708600,68238778135,42782933
027580,상보,3420,-100,-2.84,3525,3615,3400,311543,1092557360,92844747540,27147587
091580,상신이디피,3890,-10,-0.26,3905,3905,3800,48793,187571435,43937744500,11295050
089980,상아프론테크,8500,40,0.47,8360,8570,8360,15749,133285740,113062656500,13301489
042600,새로닉스,4255,-5,-0.12,4200,4275,4195,10787,45619055,52862307370,12423574
038070,서린바이오,12350,-450,-3.52,12750,12950,12350,55913,703914450,73752890900,5971894
006730,서부T&D,16300,-250,-1.51,16600,16650,16150,43101,703800400,559615919500,34332265
079650,서산,7730,-100,-1.28,7790,7940,7530,940947,7310456830,154600000000,20000000
100660,서암기계공업,3880,-255,-6.17,4100,4140,3880,188493,754705735,48888000000,12600000
012860,서연전자,3060,-55,-1.77,3115,3135,3060,88382,271905425,82620000000,27000000
019770,서연탑메탈,9310,400,4.49,8910,9520,8810,1056600,9727077450,108461500000,11650000
043710,서울리거,4910,110,2.29,4650,5090,4630,560547,2706752390,103676162280,21115308
046890,서울반도체,15050,200,1.35,15050,15400,15000,278457,4229107850,877496270000,58305400
063170,서울옥션,9260,0,0,9260,9440,8940,215531,1972632900,156656050000,16917500
027040,서울전자통신,1190,15,1.28,1175,1220,1165,176505,210556785,72044549220,60541638
018680,서울제약,8750,120,1.39,8800,8940,8650,4771,41994790,64754602500,7400526
093920,서원인텍,10850,350,3.33,10500,11000,10400,157962,1707651450,201810000000,18600000
189860,서전기전,8320,0,0,8300,8490,8120,13825,115039590,40346924800,4849390
122690,서진오토모티브,4550,5,0.11,4545,4720,4520,24953,115612555,72947761250,16032475
140070,서플러스글로벌,7140,-1360,-16,8500,8570,7140,6226331,48681698350,132047160000,18494000
011370,서한,2100,-55,-2.55,2170,2175,2090,406193,863373695,211879216500,100894865
065710,서호전기,10500,-100,-0.94,10600,10600,10400,13098,137420200,54075000000,5150000
033790,서화정보통신,3935,-100,-2.48,4070,4095,3925,59957,241260780,44903859000,11411400
035890,서희건설,1300,-15,-1.14,1315,1325,1295,721188,940209505,207918360000,159937200
003100,선광,18100,100,0.56,18000,18100,17850,6859,122926750,119460000000,6600000
123420,선데이토즈,20650,-100,-0.48,20750,21150,20600,32612,677606250,197617237300,9569842
014620,성광벤드,10450,-50,-0.48,10600,10700,10300,433816,4548705900,298870000000,28600000
037350,성도이엔지,6080,-30,-0.49,6110,6200,5990,121482,738719550,93753600000,15420000
081580,성우전자,4680,90,1.96,4635,4705,4580,128040,595997765,72578109240,15508143
045300,성우테크론,4050,55,1.38,4010,4100,3985,26250,106073590,33858364500,8360090
015750,성우하이텍,7670,-100,-1.29,7780,7850,7630,177689,1367798240,460200000000,60000000
080470,성창오토텍,4350,15,0.35,4400,4400,4320,21173,92079740,31755000000,7300000
043260,성호전자,1160,0,0,1160,1200,1160,205660,241643700,34227124720,29506142
053060,세동,2355,-30,-1.26,2400,2400,2320,110161,260016340,31719118200,13468840
017510,세명전기,4610,-90,-1.91,4700,4760,4605,126351,588811055,70284060000,15246000
214310,세미콘라이트,9050,0,0,0,0,0,0,0,82583060000,9125200
011560,세보엠이씨,7610,80,1.06,7550,7680,7480,20391,154369100,80133300000,10530000
121800,세븐스타웍스,4285,160,3.88,4060,4590,4005,525690,2256342595,73864842855,17238003
100700,세운메디칼,3640,-40,-1.09,3685,3765,3605,203018,744788885,159432000000,43800000
024830,세원물산,8620,50,0.58,8410,8660,8270,941,7912070,71977000000,8350000
036630,세종텔레콤,938,6,0.64,932,995,924,14138705,13589858057,281705906188,300326126
039310,세중,4135,5,0.12,4130,4170,4115,21757,90116805,74933093045,18121667
080440,세진전자,1210,-80,-6.2,1270,1290,1210,772840,963286610,35632272390,29448159
067770,세진티에스,3425,30,0.88,3530,3530,3420,13348,46028500,28758331025,8396593
053450,세코닉스,15850,1400,9.69,14450,15900,14450,1013316,15759450450,173175800300,10925918
095300,세한엔에스브이,1460,-60,-3.95,1480,1550,1460,443695,662957895,18333593760,12557256
049180,셀루메드,1300,-70,-5.11,1380,1385,1300,7094553,9455097365,236019999800,181553846
108860,셀바스AI,4245,185,4.56,4070,4330,4070,285213,1207434430,93627486525,22055945
208370,셀바스헬스케어,1450,0,0,0,0,0,0,0,91678275650,63226397
068270,셀트리온,100000,400,0.4,100000,100900,99000,373548,37226214100,11659832700000,116598327
068760,셀트리온제약,21750,100,0.46,21650,21800,21250,65661,1412623900,688503884250,31655351
053110,소리바다,1565,-85,-5.15,1660,1675,1555,486960,786231445,55934286270,35740758
032680,소프트센,1950,-105,-5.11,2100,2195,1950,2371905,4958021940,60021507000,30780260
032685,소프트센우,20650,-800,-3.73,21200,22000,20550,10831,227664100,2949997050,142857
066910,손오공,5860,30,0.51,5860,6040,5860,547990,3258820820,128311503460,21896161
043100,솔고바이오,892,7,0.79,877,920,873,3436229,3074349285,106795400220,119725785
070300,솔라시아,6480,-320,-4.71,6610,6660,6450,112238,730571580,39956159520,6166074
154040,솔루에타,6420,240,3.88,6200,6430,6200,89727,568169490,70790232720,11026516
035610,솔본,4860,-100,-2.02,4965,4970,4840,73273,358739270,132901545420,27345997
036830,솔브레인,55100,900,1.66,54400,55500,54400,82807,4553190200,912630171100,16563161
230980,솔트웍스,3995,90,2.3,3905,4150,3905,317872,1280663265,34786542400,8707520
086980,쇼박스,5140,40,0.78,5160,5300,5140,210690,1102365370,321764000000,62600000
050960,수산아이앤티,9010,60,0.67,8900,9100,8890,34125,306034480,60826510000,6751000
084180,수성,10450,300,2.96,10000,10500,10000,86689,891397100,85690000000,8200000
236200,슈프리마,19050,-150,-0.78,19200,19350,19000,14915,284793900,134879200650,7080273
094840,슈프리마에이치큐,7760,20,0.26,7700,7800,7700,31739,245561460,81261478400,10471840
192440,슈피겐코리아,51200,-700,-1.35,51900,52900,51200,14729,761846900,318277785600,6216363
099440,스맥,3835,-55,-1.41,3910,3925,3835,97897,377537940,90955308600,23717160
115570,스타플렉스,7200,-70,-0.96,7330,7390,7120,24256,174240730,46466884800,6453734
087220,스틸플라워,702,-6,-0.85,722,728,699,1158457,824340038,50665395456,72172928
028040,스페로 글로벌,2930,115,4.09,2825,2950,2820,224050,648764920,53963357040,18417528
013810,스페코,5130,-90,-1.72,5220,5240,5130,174892,903570260,70890392700,13818790
039670,스포츠서울,2510,120,5.02,2390,2975,2285,651692,1637028395,44238970880,17625088
049830,승일,13200,-600,-4.35,13800,13950,13200,26701,359598050,80943878400,6132112
020710,시공테크,6660,0,0,6660,6780,6620,26065,174221480,133519480200,20047970
033170,시그네틱스,1485,25,1.71,1460,1520,1455,848876,1269068400,127306553715,85728319
025320,시노펙스,1580,30,1.94,1550,1605,1550,317782,500454650,101644514180,64331971
131090,시큐브,5140,20,0.39,5120,5200,5080,12543,64442120,34952000000,6800000
001000,신라섬유,2615,20,0.77,2775,2850,2570,281281,749291425,63485767100,24277540
025870,신라에스지,8360,30,0.36,8460,8600,8260,109156,922486760,33440000000,4000000
215600,신라젠,10100,100,1,10100,10350,9980,489739,4953117390,629732091200,62349712
065350,신성델타테크,2935,10,0.34,2925,2955,2895,51502,149966005,60330548055,20555553
056000,신스타임즈,3700,30,0.82,3800,3800,3600,17914,66080995,51861420000,14016600
086830,신양오라컴,653,-30,-4.39,675,679,653,544119,359867486,40141470017,61472389
225590,신영스팩2호,1960,-20,-1.01,1960,1960,1950,2389,4669905,10005800000,5105000
017000,신원종합개발,6740,-50,-0.74,6710,6930,6460,32600,219563310,67858501980,10068027
012790,신일제약,12400,0,0,12400,12400,12300,8030,99007900,97960000000,7900000
138070,신진에스엠,7080,-180,-2.48,7270,7510,7050,66428,476983760,63523055640,8972183
056700,신화인터텍,3310,20,0.61,3290,3385,3290,38926,129489320,96437151210,29135091
187270,신화콘텍,9740,-140,-1.42,9920,10050,9660,245505,2409167370,78393490620,8048613
108320,실리콘웍스,32550,200,0.62,32350,33050,31800,141322,4611321650,529402965000,16264300
222800,심텍,12100,100,0.83,12050,12300,12000,220280,2682094350,270149524700,22326407
036710,심텍홀딩스,3095,20,0.65,3080,3130,3080,55668,172873230,108002603135,34895833
160980,싸이맥스,20350,350,1.75,20000,20850,20000,69805,1424803450,110518062050,5430863
010280,쌍용정보통신,2045,-5,-0.24,2050,2070,2000,63585,129532375,82748949530,40464034
051170,썬코어,2405,20,0.84,2385,2650,2345,6663473,16494022035,84199254425,35010085
122800,썬텍,2390,60,2.58,2305,2560,2305,3523681,8597092765,51588054400,21584960
208640,썸에이지,1545,-30,-1.9,1565,1580,1520,475683,735683690,114809767305,74310529
222420,쎄노텍,3160,20,0.64,3140,3260,3115,33491,106875825,120742516120,38209657
037760,쎄니트,2325,-175,-7,2520,2520,2300,521707,1234459980,75294966900,32384932
136510,쎄미시스코,10400,-100,-0.95,10350,10650,10350,5086,53357100,56160000000,5400000
099320,쎄트렉아이,34400,-150,-0.43,34300,34900,33400,12072,411179650,125903656000,3659990
049960,쎌바이오텍,37350,200,0.54,37250,38900,37100,50363,1899402850,351090000000,9400000
050890,쏠리드,2605,-95,-3.52,2700,2745,2600,735063,1954039755,81993432630,31475406
099830,씨그널엔터테인먼트그룹,765,-6,-0.78,777,797,765,952565,739413458,69659506170,91058178
066790,씨씨에스,1545,-200,-11.46,1760,1760,1495,3951722,6437438520,122268705945,79138321
222080,씨아이에스,1740,20,1.16,1700,1740,1675,514876,877583325,85564205940,49174831
115530,씨엔플러스,4695,5,0.11,4870,5090,4650,38237,180257310,24148324035,5143413
225330,씨엠에스에듀,24800,-250,-1,25600,25600,24600,7532,185995950,104809313600,4226182
115480,씨유메디칼,3300,-25,-0.75,3325,3400,3220,31155,102875285,47500533300,14394101
096530,씨젠,33500,-50,-0.15,33400,33800,33150,42172,1410461150,878839670000,26234020
900120,씨케이에이치,1840,-45,-2.39,1905,1905,1830,438641,816021300,203144200880,110404457
101240,씨큐브,8100,60,0.75,8040,8180,7980,16200,130633410,61390548000,7579080
047920,씨트리,5110,-140,-2.67,5330,5330,5050,35083,180371360,60502486870,11840017
060590,씨티씨바이오,9070,-20,-0.22,9020,9180,9020,48691,442039460,158499456310,17475133
036170,씨티엘,1465,5,0.34,1465,1495,1440,153573,224803725,70602904685,48193109
013990,아가방컴퍼니,7530,-140,-1.83,7700,7760,7510,121042,921715940,247643146080,32887536
123860,아나패스,13550,-550,-3.9,14100,14250,13550,26427,363728250,137230335000,10127700
058220,아리온,2165,0,0,0,0,0,0,0,60364846090,27882146
052710,아모텍,23950,1700,7.64,22050,23950,22050,481981,11314560900,233354573700,9743406
074430,아미노로직스,3055,-15,-0.49,3090,3160,3030,118893,364593365,268311008420,87826844
092040,아미코젠,40000,-750,-1.84,40500,40900,39550,12158,485697200,364630200000,9115755
083930,아바코,6150,260,4.41,5910,6170,5890,164629,995135050,98378505750,15996505
149950,아바텍,6310,160,2.6,6170,6320,6170,25078,156571100,98483325000,15607500
036010,아비코전자,7250,30,0.42,7180,7280,7150,35777,257596710,96373771500,13292934
050860,아세아텍,3380,-40,-1.17,3420,3475,3375,49529,169482045,59150000000,17500000
067390,아스트,16050,-350,-2.13,16400,16450,15900,59254,955985500,231492985950,14423239
127710,아시아경제,4200,-345,-7.59,4555,4595,4190,623163,2720989810,106024926000,25244030
143160,아이디스,9410,-140,-1.47,9440,9550,9390,6466,61021480,100841229900,10716390
054800,아이디스홀딩스,14750,-50,-0.34,15000,15000,14500,2378,34667050,152629401000,10347756
060570,아이리버,4085,-90,-2.16,4230,4345,3985,630238,2624995865,127027960660,31096196
099190,아이센스,27850,-550,-1.94,28250,28550,27600,66625,1856923650,382125895300,13720858
214430,아이쓰리시스템,39000,-900,-2.26,40100,40100,38200,23761,924004850,131601600000,3374400
040910,아이씨디,16550,-50,-0.3,16650,16800,16150,295649,4870551600,272258489200,16450664
068940,아이씨케이,4780,110,2.36,4670,4780,4660,62838,298088330,59615629420,12471889
052860,아이앤씨,3000,0,0,3000,3035,2970,26862,80327310,43627053000,14542351
069920,아이에스이커머스,4350,-135,-3.01,4360,4580,4350,5752,25403235,110986304550,25514093
038880,아이에이,3875,185,5.01,3700,3875,3700,123578,470801450,156303929750,40336498
101390,아이엠,4720,-90,-1.87,4810,5870,4710,50592227,269975232545,106539882480,22572009
226350,아이엠텍,7350,-150,-2,7510,7750,7350,356995,2685134270,124622925000,16955500
078860,아이오케이,772,-9,-1.15,780,780,770,710578,549248430,90815837340,117637095
114810,아이원스,20500,-400,-1.91,20950,21000,20350,66392,1365902650,215159103000,10495566
023430,아이이,586,-13,-2.17,601,607,584,2271276,1344060721,170358197142,290713647
031310,아이즈비전,3700,80,2.21,3670,3730,3610,88495,324044725,58358523800,15772574
185490,아이진,9810,0,0,9810,10200,9710,32642,319322210,98462970000,10037000
059100,아이컴포넌트,11800,0,0,11850,12000,11750,50513,600633450,83436148000,7070860
052460,아이크래프트,6460,70,1.1,6340,6830,6340,10819,69926420,52028633280,8053968
119830,아이텍반도체,6480,-110,-1.67,6700,6700,6420,15218,99379900,33754618080,5209046
124500,아이티센,5170,0,0,5170,5230,5100,15433,79391040,48382059440,9358232
032080,아즈텍WB,3640,80,2.25,3565,3795,3565,394883,1455632905,72652365240,19959441
013310,아진산업,10450,100,0.97,10450,10600,10350,74325,779714650,135374483200,12954496
059120,아진엑스텍,7210,-30,-0.41,7430,7430,7160,8279,59598810,40592300000,5630000
023890,아트라스BX,53300,-400,-0.74,53900,53900,53200,362,19316500,487695000000,9150000
067160,아프리카TV,22000,-200,-0.9,22050,22650,21950,35740,790467950,239177774000,10871717
001540,안국약품,11100,-100,-0.89,11200,11300,11000,19343,215365450,144770862000,13042420
053800,안랩,60500,1700,2.89,59800,60800,58800,111087,6657278200,605838227500,10013855
065660,안트로젠,19550,-200,-1.01,20000,20000,19250,11109,217551100,145910154250,7463435
131370,알서포트,2680,615,29.78,2450,2680,2365,6735266,17091421735,142755782440,53267083
096610,알에프세미,8650,-120,-1.37,8720,8830,8650,5009,43737840,70246390500,8120970
061040,알에프텍,5790,90,1.58,5700,5980,5600,548107,3193210730,110299500000,19050000
148250,알엔투테크놀로지,5750,10,0.17,5700,5800,5650,49983,285196360,36391416500,6328942
196170,알테오젠,28800,-150,-0.52,28850,29400,28150,18703,531213400,179990352000,6249665
123750,알톤스포츠,5420,-70,-1.28,5490,5510,5320,9920,53466010,69084929740,12746297
085810,알티캐스트,4130,25,0.61,4105,4245,4105,28970,121183265,87651650800,21223160
117670,알파홀딩스,9100,-100,-1.09,9220,9360,8950,111243,1005875800,109871661900,12073809
196300,애니젠,11600,-550,-4.53,12200,12200,11600,126672,1485111650,57340714000,4943165
205500,액션스퀘어,7000,-80,-1.13,7030,7180,6980,75059,527727680,174575982000,24939426
052790,액토즈소프트,16700,400,2.45,16500,16850,16150,344868,5695046250,189221654600,11330638
131400,액트,2820,30,1.08,2780,2880,2775,95132,268453170,47677071660,16906763
238090,앤디포스,14700,350,2.44,14700,15050,14550,442660,6554326500,221513785500,15068965
030960,양지사,6470,-490,-7.04,7080,7560,6470,435435,3099122270,103390600000,15980000
102120,어보브반도체,10050,380,3.93,9730,10150,9700,735266,7330159420,175469512650,17459653
019990,에너토크,4235,25,0.59,4255,4285,4200,22585,95313835,41317032680,9756088
025980,에머슨퍼시픽,28300,-600,-2.08,28900,29150,28300,21508,618127400,465936378900,16464183
041440,에버다임,10900,0,0,10900,10950,10700,27191,293377050,195283789600,17915944
038680,에스넷,5640,-10,-0.18,5650,5780,5600,58350,332307910,90664212600,16075215
121890,에스디시스템,8790,-90,-1.01,8920,8990,8660,18847,165405340,33402000000,3800000
030270,에스마크,2120,55,2.66,2150,2360,2120,2375637,5253788390,86116291040,40620892
097780,에스맥,6150,-180,-2.84,6390,6410,6020,95407,589312020,149560564650,24318791
042110,에스씨디,1990,15,0.76,1980,2010,1965,62099,123109775,96175832360,48329564
065420,에스아이리소스,1865,-85,-4.36,1985,1985,1860,1714915,3288728065,93327574675,50041595
050320,에스아이티글로벌,600,-120,-16.67,680,702,583,15077483,9463482763,30291423000,50485705
103230,에스앤더블류,5060,-20,-0.39,5060,5090,4965,15033,75476175,36432000000,7200000
900080,에스앤씨엔진그룹,1210,5,0.41,1220,1220,1195,137553,165345360,116623604240,96383144
101490,에스앤에스텍,7160,260,3.77,6950,7190,6910,146828,1044844420,141304969960,19735331
095910,에스에너지,7980,-70,-0.87,8060,8230,7940,50017,404785270,92824948020,11632199
036500,에스에스컴텍,761,-4,-0.52,774,820,760,709359,550082996,26744316889,35143649
031330,에스에이엠티,1920,5,0.26,1950,2000,1905,1698456,3303463050,191990528640,99995067
060540,에스에이티,2070,-10,-0.48,2080,2100,2050,108036,224183125,51746992290,24998547
112240,에스에프씨,4200,-30,-0.71,4225,4405,4160,297342,1260328900,121913694000,29027070
056190,에스에프에이,72300,900,1.26,71600,72500,71300,74635,5371987000,1298101674000,17954380
080000,에스엔유,5430,70,1.31,5500,5500,5320,244267,1319572540,169687500000,31250000
160600,에스엔텍,11100,-150,-1.33,11300,11450,11000,163551,1823075650,120389367900,10845889
041510,에스엠,22850,-1000,-4.19,23850,23950,22850,229289,5316429850,497116899550,21755663
007820,에스엠코어,14450,-50,-0.34,14550,14550,14200,154433,2222863950,289000000000,20000000
109610,에스와이패널,25100,-1550,-5.82,26750,27100,24500,149493,3873022350,304965000000,12150000
096630,에스코넥,2930,-140,-4.56,3050,3115,2895,4369403,13282232225,191228571320,65265724
069510,에스텍,11000,0,0,11000,11150,10800,12462,136308850,120010000000,10910000
041910,에스텍파마,8820,-100,-1.12,9000,9000,8820,29671,263943230,100857414420,11435081
039440,에스티아이,10000,-150,-1.48,10300,10350,9960,250247,2515478820,126756700000,12675670
098660,에스티오,3970,-10,-0.25,3980,3980,3885,3287,12877920,33248853220,8375026
052020,에스티큐브,4770,10,0.21,4760,4950,4705,77725,373202055,122501384640,25681632
237690,에스티팜,45800,-950,-2.03,47000,47050,45750,58803,2726361050,846585520000,18484400
050760,에스폴리텍,3010,-20,-0.66,3030,3085,2970,81848,246053225,49167380780,16334678
058610,에스피지,5360,80,1.52,5280,5420,5280,23432,125527170,111900586000,20876975
043340,에쎈테크,1010,14,1.41,990,1040,990,226846,229322941,72720000000,72000000
054630,에이디칩스,3090,-10,-0.32,3100,3200,3070,59305,183498635,33937395840,10982976
200710,에이디테크놀로지,5350,-100,-1.83,5420,5510,5350,60182,325275370,43584845000,8146700
003800,에이스침대,154200,-100,-0.06,158500,158500,152200,209,32215600,342015600000,2218000
088800,에이스테크,3140,-20,-0.63,3160,3190,3135,31658,99798065,88951113200,28328380
138360,에이씨티,9180,-120,-1.29,9310,9360,9040,48441,445152790,56135700000,6115000
035290,에이원앤,3870,40,1.04,3800,3950,3800,16464,63627575,77533979400,20034620
072990,에이치시티,13300,-150,-1.12,13450,13600,12950,36510,481503700,60913122200,4579934
176440,에이치엔티,11650,100,0.87,11400,11950,11250,321037,3733620050,78067815000,6701100
028300,에이치엘비,14300,-50,-0.35,14400,14900,14000,278771,3984666900,513567468700,35913809
067630,에이치엘비생명과학,5500,-100,-1.79,5610,5690,5430,330899,1826768000,130206114500,23673839
043220,에이치엘비파워,2200,0,0,0,0,0,0,0,83115617200,37779826
239610,에이치엘사이언스,27700,-300,-1.07,28250,28900,27400,22642,630304800,142437499600,5142148
226340,에이치엠씨3호스팩,1950,0,0,1940,1950,1940,5428,10569770,12675000000,6500000
044780,에이치케이,1880,-5,-0.27,1885,1900,1860,52980,99400620,34640479560,18425787
071670,에이테크솔루션,8540,-170,-1.95,8700,8770,8460,50293,432676910,85400000000,10000000
045660,에이텍,8630,-270,-3.03,9030,9230,8630,286190,2562746900,71283800000,8260000
224110,에이텍티앤,9500,-110,-1.14,9780,9900,9500,88703,857649610,50730000000,5340000
021080,에이티넘인베스트,2105,-35,-1.64,2160,2170,2095,613064,1299649210,101040000000,48000000
089530,에이티세미콘,1155,10,0.87,1145,1175,1135,633286,727826080,68937599115,59686233
182400,에이티젠,31150,50,0.16,31200,32150,30750,29375,916920000,354846533300,11391542
073570,에이티테크놀러지,1365,40,3.02,1330,1430,1330,201462,275765255,25828261095,18921803
043580,에임하이,5640,-250,-4.24,5910,6000,5520,224801,1287729350,136231944000,24154600
214870,에치디프로,6940,-190,-2.66,7210,7330,6930,122960,863533220,40827423160,5882914
230360,에코마케팅,25000,700,2.88,24200,25200,23900,87994,2168608750,203214275000,8128571
038870,에코바이오,10600,-150,-1.4,10800,10900,10550,40401,431470850,113599574600,10716941
086520,에코프로,10450,-150,-1.42,10650,10800,10450,132929,1410726250,223250111150,21363647
038110,에코플라스틱,2570,30,1.18,2540,2570,2520,78904,200796190,58329742860,22696398
073540,에프알텍,3600,-240,-6.25,3740,3760,3560,1163666,4276270545,41040000000,11400000
036810,에프에스티,3965,-40,-1,4005,4030,3950,42779,170238735,64992737615,16391611
063440,에프엔씨애드컬쳐,1500,-10,-0.66,1550,1560,1500,43737,66129370,57461812500,38307875
173940,에프엔씨엔터,7590,-180,-2.32,7780,7800,7470,43172,326145570,109029439200,14364880
065160,에프티이앤이,6780,-110,-1.6,6900,6900,6710,185966,1263761350,367460894160,54197772
054940,엑사이엔씨,1890,35,1.89,1855,1895,1855,101899,191379540,62698005720,33173548
950130,엑세스바이오,5560,-60,-1.07,5620,5680,5550,53004,295864780,150481010800,27064930
205100,엑셈,3605,45,1.26,3600,3780,3590,211776,776242690,107892069460,29928452
092870,엑시콘,9300,-110,-1.17,9420,9580,9290,55932,522667420,82616550000,8883500
067570,엔브이에이치코리아,4065,-30,-0.73,4100,4155,3970,48606,195064340,116755832430,28722222
054340,엔알케이,1495,-50,-3.24,1560,1565,1470,133019,200776860,36754213210,24584758
217820,엔에스,10050,-200,-1.95,10300,10500,10000,17723,180156450,49245000000,4900000
031860,엔에스엔,4500,-180,-3.85,4680,4810,4445,114902,527334265,75964594500,16881021
207720,엔에이치SL스팩,2005,0,0,2005,2005,2005,2840,5694200,5022525000,2505000
256840,엔에이치스팩11호,1950,0,0,1950,1950,1945,5362,10455850,13318500000,6830000
198440,엔에이치스팩3호,2000,0,0,2005,2005,2000,82161,164322005,14000000000,7000000
215790,엔에이치스팩5호,1975,10,0.51,1960,1975,1960,4804,9461410,13825000000,7000000
217810,엔에이치스팩7호,1965,0,0,1950,1970,1945,21905,42658585,9490950000,4830000
218410,엔에이치스팩8호,1955,0,0,1945,1955,1945,3883,7559505,13352650000,6830000
225570,엔에이치스팩9호,1980,0,0,0,0,0,0,0,17919000000,9050000
208860,엔지스테크널러지,17350,-900,-4.93,18250,18250,17250,26664,469068550,54256573000,3127180
206400,엔터메이트,3620,-65,-1.76,3685,3760,3550,41238,151157905,98446030320,27195036
069410,엔텔스,15000,550,3.81,14450,15200,14450,31534,472042600,103488405000,6899227
048830,엔피케이,3285,-20,-0.61,3305,3370,3230,80058,263623065,42455087055,12923923
096870,엘디티,3830,-5,-0.13,3870,3870,3765,25061,95373405,25578272000,6678400
061970,엘비세미콘,3600,-100,-2.7,3725,3730,3560,233770,853507265,157624531200,43784592
138690,엘아이에스,9680,110,1.15,9470,9690,9470,29621,283993040,131139161120,13547434
066970,엘앤에프,14750,200,1.37,14900,14900,14550,27529,405333050,341970342500,23184430
156100,엘앤케이바이오,8930,-110,-1.22,9050,9150,8830,32284,287907410,88642412660,9926362
073110,엘엠에스,8290,250,3.11,7960,8360,7960,57102,468958850,73745808950,8895755
083310,엘오티베큠,13500,-200,-1.46,13750,13750,13450,37134,503934400,162160501500,12011889
037950,엘컴텍,2340,-15,-0.64,2350,2375,2310,565855,1327086410,197607194460,84447519
170920,엘티씨,13850,450,3.36,13500,14400,13300,77910,1092056550,104151210550,7519943
058630,엠게임,5260,-120,-2.23,5380,5980,5170,3846100,21321614040,100506765000,19107750
019590,엠벤처투자,468,-13,-2.7,480,488,466,1604284,765389035,49258757808,105253756
097520,엠씨넥스,21100,1450,7.38,19700,21350,19700,471777,9769790650,189862399800,8998218
009780,엠에스씨,12600,-550,-4.18,13450,13600,12400,25074,321821050,110880000000,8800000
123040,엠에스오토텍,4960,160,3.33,4800,4970,4710,101158,498588990,72152118080,14546798
032790,엠젠플러스,7200,0,0,0,0,0,0,0,86151132000,11965435
180400,엠지메드,43650,0,0,43300,43850,43150,14836,646009750,101689178850,2329649
033160,엠케이전자,9980,20,0.2,10000,10250,9930,321284,3227890670,217640736220,21807689
050540,엠피씨,4145,-50,-1.19,4195,4215,4075,132357,545358495,85064274445,20522141
115960,연우,32100,800,2.56,31600,33250,31600,123213,4009387600,397975800000,12398000
090740,연이정보통신,3410,25,0.74,3400,3455,3385,16664,56935650,54560000000,16000000
007530,영신금속,5160,60,1.18,5230,5290,5050,44139,227028950,32471714880,6292968
143540,영우디에스피,11700,-50,-0.43,11850,11850,11400,189272,2201829850,142558252200,12184466
036180,영인프런티어,4765,-145,-2.95,4920,4965,4740,159515,774285495,83865624865,17600341
036560,영풍정밀,8840,20,0.23,8810,8850,8780,13236,116641800,139230000000,15750000
036000,예림당,4770,-40,-0.83,4785,4835,4770,44854,215170835,109873501290,23034277
053280,예스24,5520,-30,-0.54,5580,5640,5490,70255,388446750,94944000000,17200000
122640,예스티,28550,-200,-0.7,29400,29400,28050,7346,208689100,123545014550,4327321
900300,오가닉티코스메틱,4520,165,3.79,4375,4550,4355,671654,3001489475,257301000000,56925000
045060,오공,5370,-70,-1.29,5420,5490,5330,218631,1181726690,61873000380,11521974
080520,오디텍,8740,-50,-0.57,8720,8830,8640,23193,201758950,102665362660,11746609
039830,오로라,9850,50,0.51,9850,9970,9810,26984,266396670,106014466500,10762890
046120,오르비텍,4540,-160,-3.4,4700,4750,4375,169109,774473695,58449226660,12874279
014940,오리엔탈정공,2290,0,0,2340,2345,2230,1097852,2503353940,92850248400,40545960
065500,오리엔트정공,1100,35,3.29,1130,1240,1085,15663576,18211832100,57357989700,52143627
010470,오리콤,6730,160,2.44,6630,6850,6530,437645,2932781630,77386587500,11498750
053980,오상자이엘,7560,260,3.56,7300,7580,7260,50859,377206710,134173987920,17747882
052420,오성엘에스티,1590,-245,-13.35,1870,1920,1585,18246692,32076710035,228889372200,143955580
241790,오션브릿지,11200,400,3.7,10950,11500,10800,404187,4530537850,102199776000,9124980
039200,오스코텍,6140,-110,-1.76,6220,6430,6130,63973,400283490,157425424800,25639320
031510,오스템,4000,40,1.01,3950,4065,3850,493707,1963301455,104000000000,26000000
048260,오스템임플란트,54100,-3800,-6.56,57800,58100,53900,357833,19696451400,772857289700,14285717
138080,오이솔루션,15750,50,0.32,15700,16000,15600,32393,509657250,81578857500,5179610
080580,오킨스전자,5400,110,2.08,5300,5500,5300,17542,94869090,33480000000,6200000
067170,오텍,8840,-190,-2.1,8970,9120,8610,102092,901882650,122027934600,13804065
049480,오픈베이스,3670,-40,-1.08,3770,3785,3655,291989,1083798215,115320145610,31422383
196450,온다 엔터테인먼트,2785,155,5.89,2750,2980,2640,220542,611257500,61688967045,22150437
057540,옴니시스템,2440,25,1.04,2415,2495,2415,225650,553765070,99256796600,40679015
057680,옴니텔,3000,40,1.35,2945,3100,2905,142574,432738730,54043254000,18014418
123010,옵토팩,5850,80,1.39,5860,6030,5720,44033,259904970,27623653200,4721992
082210,옵트론텍,6780,590,9.53,6300,6800,6230,2600306,16989911320,140117236020,20666259
109080,옵티시스,6410,0,0,6580,6580,6410,18607,120187800,36126760000,5636000
052770,와이디온라인,3730,-60,-1.58,3810,3855,3725,43476,164691230,83944862250,22505325
057030,와이비엠넷,7920,-800,-9.17,8720,8820,7840,1317493,10782433260,129196560240,16312697
122990,와이솔,15050,250,1.69,14800,15300,14600,327035,4910894350,305232872700,20281254
067900,와이엔텍,3895,55,1.43,3855,3940,3805,182938,707735460,69497717685,17842803
155650,와이엠씨,11700,250,2.18,11450,11950,11100,230680,2662811050,115421588100,9865093
066430,와이오엠,1535,0,0,0,0,0,0,0,48166597685,31378891
193250,와이제이엠게임즈,5600,-200,-3.45,5800,5950,5540,1415698,7996553810,253422932000,45254095
019210,와이지-원,9000,-90,-0.99,9050,9140,8940,31773,285951590,216119070000,24013230
122870,와이지엔터테인먼트,26100,-450,-1.69,26750,26750,25900,58058,1519064350,431291511900,16524579
079000,와토스코리아,8140,0,0,8160,8240,8090,9026,73437470,51282000000,6300000
900180,완리,1205,10,0.84,1200,1210,1190,541151,648738075,123521550755,102507511
114630,우노앤컴퍼니,5870,10,0.17,5860,5920,5760,15027,87526220,79679174550,13573965
032820,우리기술,671,0,0,664,682,664,230923,154981233,51569338634,76854454
041190,우리기술투자,665,-5,-0.75,669,682,665,253275,170226096,55860000000,84000000
115440,우리넷,6430,-160,-2.43,6630,6630,6430,22152,144020330,40931515300,6365710
046970,우리로,2340,-65,-2.7,2400,2435,2305,124926,292376675,43616846520,18639678
215360,우리산업,21400,-700,-3.17,22250,22250,21350,64621,1397367050,195428288200,9132163
072470,우리산업홀딩스,6060,-140,-2.26,6230,6240,6060,13526,82929460,114457286460,18887341
073560,우리손에프앤지,2090,-30,-1.42,2115,2140,2090,286713,603411200,144706673870,69237643
153490,우리이앤엘,1290,5,0.39,1285,1305,1275,55853,72155585,64371000000,49900000
082850,우리이티아이,1760,45,2.62,1720,1760,1710,135015,233330870,73072772960,41518621
037400,우리조명,1850,-50,-2.63,1925,1925,1785,152319,284145525,46108190100,24923346
101170,우림기계,9300,-320,-3.33,9510,9760,8220,1378351,12316187330,125550000000,13500000
194610,우성아이비,2530,65,2.64,2445,2530,2445,94414,233882325,34958945450,13817765
066590,우수AMS,3110,-110,-3.42,3210,3220,3040,181470,568922025,73379202890,23594599
046940,우원개발,4260,0,0,4250,4340,4180,51920,220826985,62411521920,14650592
052270,우전,693,-170,-19.7,870,915,686,9978496,8066033395,19908699426,28728282
065680,우주일렉트로,17950,1400,8.46,16300,17950,16300,79676,1392379300,178319249000,9934220
018620,우진비앤지,6040,10,0.17,6140,6140,6010,10328,62481780,64784417880,10725897
032940,원익,5700,20,0.35,5690,5710,5550,45159,252762710,72016262400,12634432
240810,원익IPS,22850,-150,-0.65,23000,23150,22450,234685,5329560750,943098012600,41273436
074600,원익QnC,17200,0,0,17400,17400,17050,26907,462363950,226076800000,13144000
104830,원익머트리얼즈,63400,2100,3.43,61300,63700,61200,35145,2212157900,395983720000,6245800
014190,원익큐브,2470,0,0,2470,2495,2445,71940,177433305,67677767820,27399906
030530,원익홀딩스,5910,-30,-0.51,5970,5990,5910,170238,1009574410,456476467710,77237981
012620,원일특강,10100,0,0,10150,10200,10000,4496,45274200,44440000000,4400000
008370,원풍,4290,65,1.54,4260,4320,4195,15773,66879835,51480000000,12000000
008290,원풍물산,5260,150,2.94,5110,5260,5020,536195,2752435470,193823488720,36848572
101160,월덱스,2780,-5,-0.18,2785,2835,2745,17240,47747200,44040615440,15841948
095270,웨이브일렉트로,16400,-1350,-7.61,17750,18000,15900,91571,1534622150,173749800000,10594500
900130,웨이포트,1210,-10,-0.82,1235,1235,1195,216062,262165935,67614800000,55880000
065950,웰크론,3290,-10,-0.3,3300,3350,3290,166453,552459180,83863735130,25490497
114190,웰크론강원,2840,-140,-4.7,2920,3065,2840,921711,2734317670,43318605200,15253030
076080,웰크론한텍,2630,-10,-0.38,2685,2770,2630,479655,1289255210,47396000590,18021293
196700,웹스,7180,-20,-0.28,7210,7380,7160,102883,745561540,49177528840,6849238
069080,웹젠,14600,-300,-2.01,14900,15000,14500,113607,1673147400,515538906400,35310884
039790,위노바,823,-262,-24.15,890,907,771,57200511,48421289771,64110456447,77898489
044340,위닉스,8310,-30,-0.36,8340,8360,8200,12608,104355840,135940306710,16358641
112040,위메이드,23900,800,3.46,23300,23950,23000,149258,3514819400,401520000000,16800000
038620,위즈코프,2600,-30,-1.14,2550,2635,2455,7145683,18378927955,87242732200,33554897
036090,위지트,1220,20,1.67,1205,1255,1205,523579,640379545,80909233680,66319044
136540,윈스,11650,50,0.43,11650,11750,11550,19518,227230550,131705941150,11305231
097800,윈팩,2800,-25,-0.88,2805,2915,2775,50814,143084830,47855410400,17091218
192390,윈하이텍,7130,-100,-1.38,7230,7380,7130,89320,644829220,70323824570,9863089
044480,유니더스,6080,-80,-1.3,6160,6240,6010,35829,218045810,52288000000,8600000
036200,유니셈,5430,-10,-0.18,5400,5520,5400,133241,727276670,166506730890,30664223
018000,유니슨,1285,0,0,1300,1320,1275,202780,261776340,83761979700,65184420
203450,유니온커뮤니티,4110,-20,-0.48,4170,4170,3985,109978,444931070,60330718770,14679007
011320,유니크,3440,-75,-2.13,3515,3515,3430,95426,329076830,66463190800,19320695
086390,유니테스트,10500,-100,-0.94,10550,10650,10400,213814,2248077150,221908323000,21134126
241690,유니테크노,16100,350,2.22,15750,16200,15600,94673,1501136000,96016536000,5963760
142210,유니트론텍,9050,-250,-2.69,9450,9490,9050,342709,3146830740,89884147500,9931950
048430,유라테크,10300,-500,-4.63,10750,10900,9970,240687,2495185370,118656000000,11520000
206650,유바이오로직스,4265,-805,-15.88,4960,4995,4170,2122278,9886123005,103349420290,24231986
089850,유비벨록스,10150,0,0,10150,10300,10000,23664,240179900,72224324550,7115697
032620,유비케어,3390,-50,-1.45,3455,3480,3375,183459,624580975,136571133300,40286470
078070,유비쿼스,11850,-100,-0.84,11950,11950,11650,65339,769828600,251220000000,21200000
024800,유성티엔에스,6690,480,7.73,6150,6740,6130,1545755,10103413330,152018442150,22723235
054930,유신,14050,300,2.18,14000,14450,13800,7850,110059450,42150000000,3000000
069330,유아이디,6220,-130,-2.05,6330,6650,6140,382786,2439394130,73942066240,11887792
049520,유아이엘,10350,360,3.6,10050,10450,9990,56837,583141930,117912064500,11392470
204620,유안타제1호스팩,2005,0,0,2000,2010,2000,2273,4548750,12030000000,6000000
219960,유안타제2호스팩,1955,5,0.26,1945,1955,1945,5776,11272695,12707500000,6500000
056090,유앤아이,13800,100,0.73,14050,14250,13700,19190,267050250,105951459600,7677642
195990,유지인트,464,-27,-5.5,499,505,464,19400075,9411134217,170507576400,367473225
023410,유진기업,4605,55,1.21,4540,4610,4540,202188,925595960,340770000000,74000000
056080,유진로봇,3925,25,0.64,3900,3950,3870,28396,111012330,91585934300,23333996
221200,유진스팩3호,1975,10,0.51,1970,1975,1965,7391,14587665,13331250000,6750000
215090,유진에이씨피씨스팩2호,1960,0,0,1970,1970,1950,18747,36649820,10780000000,5500000
084370,유진테크,16300,350,2.19,15950,16400,15850,116677,1893867400,373531484600,22916042
178780,유테크,9300,-220,-2.31,9400,9500,9140,123398,1145077320,94493580000,10160600
191410,육일씨엔에쓰,7500,-100,-1.32,7580,7680,7340,76780,570508390,63922350000,8522980
044960,이-글 벳,5670,50,0.89,5580,5750,5580,150958,859607030,66160020780,11668434
039020,이건창호,3155,35,1.12,3120,3155,3060,36422,113212175,45201931090,14327078
060230,이그잭스,1625,105,6.91,1520,1625,1520,1020390,1623100910,50687960375,31192591
067920,이글루시큐리티,4660,10,0.22,4705,4705,4640,11739,54762735,47663635680,10228248
073490,이노와이어리스,10350,450,4.55,9990,10500,9850,96484,985906090,62125875000,6002500
088390,이녹스,27400,200,0.74,27400,27750,27050,174721,4789754700,337519830800,12318242
053350,이니텍,6720,70,1.05,6700,6780,6670,23814,159847060,132994955520,19790916
033110,이디,3110,-20,-0.64,3185,3185,3070,74861,231744765,101884461470,32760277
041520,이라이콤,9050,-30,-0.33,9000,9070,8990,10909,98350540,110308006500,12188730
054210,이랜텍,5600,0,0,5660,5740,5520,221014,1241529010,114677953600,20478206
065440,이루온,3275,200,6.5,3055,3335,2950,2654000,8539950595,50025690500,15275020
036260,이매진아시아,2530,80,3.27,2435,2710,2435,130350,330579160,63022418910,24910047
115610,이미지스,6960,-240,-3.33,7120,7270,6890,453673,3200444540,53377130880,7669128
217600,이베스트스팩2호,1940,0,0,1930,1940,1930,8274,16014090,13580000000,7000000
225440,이베스트스팩3호,1960,0,0,1960,1960,1950,643,1256320,8036000000,4100000
078020,이베스트투자증권,10250,-100,-0.97,10350,10400,10250,687,7095600,414932197500,40481190
080010,이상네트웍스,7480,-30,-0.4,7510,7660,7350,15352,114567170,67320000000,9000000
086890,이수앱지스,7930,-110,-1.37,8080,8100,7800,51648,390096860,156624890760,19750932
047560,이스트소프트,8220,10,0.12,8320,8320,8040,7767,63523660,81373068000,9899400
900110,이스트아시아홀딩스,948,-22,-2.27,957,969,945,526619,502902115,73829917680,77879660
067010,이씨에스,6020,-10,-0.17,6050,6050,6000,18651,112000250,45150000000,7500000
223310,이에스브이,13450,600,4.67,13100,14150,12900,1323908,17853686800,89138530000,6627400
052190,이에스에이,5720,-230,-3.87,5940,6100,5650,70500,407754250,47366187440,8280802
102710,이엔에프테크놀로지,20750,-200,-0.95,21150,21150,20700,85208,1773977950,294650000000,14200000
094190,이엘케이,1415,-100,-6.6,1515,1530,1405,559076,813727095,43885531650,31014510
123570,이엠넷,5100,-280,-5.2,5390,5470,5100,231222,1223684770,56803998900,11138039
095190,이엠코리아,4140,-185,-4.28,4320,4350,4100,89734,376207110,88653740580,21413947
091120,이엠텍,9930,320,3.33,9700,9930,9570,56207,545363480,139369764390,14035223
039030,이오테크닉스,79400,900,1.15,78200,80600,77500,56535,4473194900,975081704400,12280626
088290,이원컴포텍,2360,130,5.83,2225,2395,2225,97819,227423665,29567658840,12528669
033600,이젠텍,1920,85,4.63,1865,1950,1830,50179,95737590,22080000000,11500000
035810,이지바이오,5790,-100,-1.7,5920,5990,5780,381952,2233648220,306900432240,53005256
090850,이지웰페어,6930,0,0,6860,6940,6730,88315,603442050,68558490000,9893000
058530,이큐스앤자루,3880,-75,-1.9,3940,3955,3855,140034,546615610,134183980000,34583500
092130,이크레더블,11850,-50,-0.42,11950,11950,11650,9143,107573750,142716660000,12043600
016250,이테크건설,127700,400,0.31,127200,128900,126900,3806,486624400,357560000000,2800000
096040,이트론,425,-6,-1.39,433,443,422,6799818,2927220929,77076247300,181355876
134060,이퓨쳐,6900,200,2.99,6710,6960,6710,10362,70969840,32907825000,4769250
001840,이화공영,3250,-95,-2.84,3345,3420,3240,130817,433241785,64368720000,19805760
024810,이화전기,455,-3,-0.66,460,473,453,2454684,1129482070,111622811300,245324860
041830,인바디,22100,-650,-2.86,22800,22950,22000,114663,2539741400,302411582200,13683782
079950,인베니아,5980,-90,-1.48,6060,6130,5850,464558,2773386270,138736000000,23200000
060150,인선이엔티,6510,310,5,6190,6520,6190,907008,5826150170,222539128980,34184198
033230,인성정보,3910,-10,-0.26,3900,3980,3870,32366,126279865,66335574200,16965620
037330,인지디스플레,2185,-5,-0.23,2210,2215,2160,121542,265182395,77792874010,35603146
083640,인콘,10500,-200,-1.87,10600,10900,10200,82512,864821400,67146061500,6394863
216050,인크로스,40000,800,2.04,39150,40900,39150,6291,252127750,117561400000,2939035
049070,인탑스,10000,260,2.67,9730,10000,9650,55125,541332230,172000000000,17200000
119610,인터로조,37950,150,0.4,37850,38600,37850,16162,615647500,408949200000,10776000
158310,인터불스,5780,30,0.52,5750,5790,5200,195506,1072491370,34987045160,6053122
017250,인터엠,4975,1145,29.9,3855,4975,3780,12920103,57237334085,103763371025,20856959
108790,인터파크,9100,0,0,9100,9200,9050,14924,135879220,300661088000,33039680
035080,인터파크홀딩스,4690,-60,-1.26,4765,4780,4685,165078,778168895,276710000000,59000000
051370,인터플렉스,23950,-200,-0.83,24400,24400,23850,106165,2561356900,504847127400,21079212
064290,인텍플러스,4195,-5,-0.12,4200,4230,4135,20001,83886630,40811560900,9728620
189300,인텔리안테크,16750,-350,-2.05,17000,17250,16750,45556,770235150,120015592500,7165110
150840,인트로메딕,7350,10,0.14,7340,7390,7200,15632,113467340,52936008300,7202178
048530,인트론바이오,25650,-50,-0.19,25900,26350,25200,101646,2599778600,385736550300,15038462
175140,인포마크,15450,-350,-2.22,15900,16300,14900,33606,524790350,55020663600,3561208
115310,인포바인,25900,50,0.19,25900,26050,25700,853,22003250,80644104800,3113672
039290,인포뱅크,12400,200,1.64,12200,12550,12050,234213,2883725950,107805327200,8693978
041020,인프라웨어,3740,-150,-3.86,3875,3875,3720,38458,145361975,69631918400,18618160
071200,인피니트헬스케어,6750,-140,-2.03,6880,6950,6680,93398,633314210,164676091500,24396458
101930,인화정공,4540,20,0.44,4520,4710,4450,7296,33292515,42365940700,9331705
078940,일경산업개발,1635,-60,-3.54,1680,1685,1615,199187,325976595,49213117410,30099766
068330,일신바이오,2865,-30,-1.04,2895,2955,2835,1414219,4087813445,126679241100,44216140
058450,일야,6540,-840,-11.38,7380,7520,6410,309208,2126789680,63961200000,9780000
019540,일지테크,6890,-80,-1.15,6960,6960,6800,11128,76061470,93108015000,13513500
094820,일진파워,4970,15,0.3,4870,4970,4855,7022,34387575,74941183730,15078709
950140,잉글우드랩(Reg.S),9150,-470,-4.89,9610,9680,9030,237311,2218243060,177200309100,19366154
049550,잉크테크,8190,-80,-0.97,8310,8370,8150,19429,160233120,76420242990,9330921
043910,자연과환경,2070,-135,-6.12,2210,2250,2070,484050,1028982320,45435168990,21949357
234920,자이글,8360,160,1.95,8230,8530,8200,82999,693737770,113118407600,13530910
174880,장원테크,9310,-310,-3.22,9680,9690,9250,44316,416321450,56278950000,6045000
049630,재영솔루텍,2300,-130,-5.35,2430,2450,2265,650167,1521246030,84948549600,36934152
065530,전파기지국,14150,-50,-0.35,14250,14250,14000,476,6706600,74796900000,5286000
208140,정다운,3350,-75,-2.19,3430,3585,3350,2397430,8382197855,68049682300,20313338
022220,정산애강,2195,-35,-1.57,2240,2250,2190,62554,138378015,113689100905,51794579
040420,정상제이엘에스,7620,20,0.26,7660,7660,7560,19820,150459060,119462946240,15677552
045510,정원엔시스,2330,15,0.65,2395,2395,2300,33576,78023895,75047650360,32209292
065620,제낙스,20600,-100,-0.48,20800,21100,20500,31540,652788100,442626926400,21486744
217190,제너셈,4645,35,0.76,4590,4700,4575,24132,112215645,40732813230,8769174
095700,제넥신,38000,-1050,-2.69,39100,39300,37800,36210,1380064300,676022546000,17790067
187420,제노포커스,16800,-150,-0.88,17000,17300,16750,38142,646132300,151123610400,8995453
123330,제닉,13500,-200,-1.46,13800,13900,13350,32505,440023700,89100000000,6600000
159580,제로투세븐,11400,-400,-3.39,11800,11800,11300,189348,2174078300,140106000000,12290000
147830,제룡산업,8390,-270,-3.12,8710,8800,8200,158999,1356154350,83900000000,10000000
033100,제룡전기,4255,-220,-4.92,4480,4600,4255,197764,861527325,68345550295,16062409
019570,제미니투자,1350,-80,-5.59,1475,1480,1295,2245134,3096922195,54000000000,40000000
079370,제우스,17650,-50,-0.28,17850,18050,17550,51550,914286400,183277600000,10384000
054950,제이브이엠,41950,500,1.21,42400,42400,41000,10444,436180900,265581590600,6330908
096690,제이스테판,727,-25,-3.32,768,769,722,4752832,3520465530,167230763120,230028560
090470,제이스텍,23600,-200,-0.84,23550,24000,23500,64051,1516768250,344508268800,14597808
137950,제이씨케미칼,5280,-30,-0.56,5250,5320,5190,45522,237434610,102131040000,19343000
033320,제이씨현시스템,6410,-190,-2.88,6600,6690,6390,257348,1681320100,122523509120,19114432
026040,제이에스티나,8640,-60,-0.69,8650,8800,8520,41253,355851190,142592745600,16503790
126880,제이엔케이히터,4100,300,7.89,3870,4290,3835,1486498,6085810435,60776210600,14823466
033050,제이엠아이,1370,15,1.11,1340,1370,1340,42029,56985340,44633698540,32579342
094970,제이엠티,2945,70,2.43,2875,3140,2875,608934,1828956765,49323566800,16748240
058420,제이웨이,2600,-70,-2.62,2700,2700,2600,38605,101618915,27820286000,10700110
036420,제이콘텐트리,4220,60,1.44,4225,4260,4165,1665836,7004291375,481371104040,114068982
089790,제이티,4230,240,6.02,3990,4250,3850,278986,1156123475,31608353520,7472424
052670,제일바이오,4015,45,1.13,3980,4050,3980,130434,523576355,60225000000,15000000
023440,제일제강,1495,-15,-0.99,1535,1535,1455,433830,646339760,38918116575,26032185
038010,제일테크노스,6380,90,1.43,6300,6430,6190,220997,1387559560,57420000000,9000000
080220,제주반도체,3880,225,6.16,3680,3970,3680,202506,778059690,90903453000,23428725
082270,젬백스,11950,150,1.27,12100,12100,11800,50818,607582500,365544429400,30589492
041590,젬백스테크놀러지,4000,-240,-5.66,4240,4305,3950,154450,633781550,120949528000,30237382
044060,조광ILI,5560,-180,-3.14,5700,5850,5550,183062,1043356890,54964247360,9885656
034940,조아제약,4020,-250,-5.85,4205,4270,4020,258934,1064468600,113807128620,28310231
101730,조이맥스,8790,280,3.29,8490,9000,8450,17432,149833850,74761006860,8505234
067000,조이시티,20400,0,0,20500,21000,20300,60302,1243142250,240381258000,11783395
033340,좋은사람들,2240,-105,-4.48,2350,2380,2230,458327,1050923605,59164080640,26412536
036930,주성엔지니어링,11100,350,3.26,10850,11100,10650,1219477,13362401700,535566253200,48249212
072020,중앙백신,20150,-200,-0.98,20400,20700,20100,40296,819674550,147498000000,7320000
000440,중앙에너비스,31900,-500,-1.54,32700,32700,31900,301,9673350,39729089400,1245426
054180,중앙오션,1855,-165,-8.17,2000,2050,1825,268271,521730760,40550300000,21860000
155960,지디,4400,-525,-10.66,4950,4980,4335,779855,3540505425,80054277600,18194154
208350,지란지교시큐리티,1720,-30,-1.71,1755,1755,1715,20605,35585650,55844607400,32467795
114570,지스마트글로벌,12800,100,0.79,12700,13150,12650,453389,5840088950,253164492800,19778476
051160,지어소프트,2070,-120,-5.48,2245,2250,2060,1056516,2254329265,26537449680,12820024
053050,지에스이,2130,-10,-0.47,2135,2175,2130,93647,201480400,59768901210,28060517
119850,지엔씨에너지,8960,250,2.87,8720,9040,8720,35155,314169820,74015674880,8260678
065060,지엔코,5650,-770,-11.99,6440,6550,5440,16475445,98139504310,451022798600,79827044
204840,지엘팜텍,2915,10,0.34,2975,3260,2895,2684097,8205873400,88087548395,30218713
018290,지엠피,5100,-190,-3.59,5270,5360,5090,165418,863199510,88901777100,17431721
115450,지트리비앤티,16850,-200,-1.17,17050,17300,16750,77216,1310261300,372624842900,22114234
018120,진로발효,30100,-150,-0.5,30250,30250,29750,6717,201003650,226472400000,7524000
109820,진매트릭스,4720,-80,-1.67,4750,4800,4680,11528,54410255,48216088560,10215273
086060,진바이오텍,5760,10,0.17,5740,5790,5670,51365,294658700,49596981120,8610587
036890,진성티이씨,7730,40,0.52,7820,7890,7620,290144,2255291780,173787931640,22482268
007370,진양제약,4360,-20,-0.46,4340,4410,4335,18373,80020000,52320000000,12000000
085660,차바이오텍,11750,150,1.29,11650,11750,11550,146086,1701157100,594335832750,50581773
900040,차이나그레이트,1335,-5,-0.37,1300,1335,1295,362435,477212025,152758509750,114425850
900090,차이나하오란,1500,15,1.01,1485,1535,1480,477353,717612305,81000000000,54000000
094850,참좋은레져,8540,0,0,8500,8640,8450,64962,554516660,119560000000,14000000
004650,창해에탄올,17050,-850,-4.75,17900,18100,16950,88119,1522274650,143972263050,8444121
111820,처음앤씨,8370,-180,-2.11,8500,8550,8260,160911,1344087200,161327807730,19274529
096240,청담러닝,17450,-300,-1.69,17600,17900,17050,61852,1073603150,120345286100,6896578
013720,청보산업,3540,10,0.28,3510,3615,3510,35096,124901585,27629151300,7804845
047820,초록뱀,1680,-90,-5.08,1760,1785,1670,508654,874259850,85738049040,51034553
094360,칩스앤미디어,14500,-200,-1.36,14550,14850,14450,237889,3483393800,104966834000,7239092
016920,카스,2290,-50,-2.14,2360,2360,2280,20554,47234505,37038716480,16174112
035720,카카오,76100,-2700,-3.43,78300,79200,76100,557017,42928002300,5145555911500,67615715
071850,캐스텍코리아,5990,10,0.17,5980,6040,5950,6161,36859570,74114803110,12373089
066410,캔들미디어,1335,-35,-2.55,1355,1390,1335,128121,173338395,82330695555,61670933
050110,캠시스,2730,-75,-2.67,2815,2840,2560,1218999,3337237235,143149976970,52435889
078340,컴투스,86300,-2900,-3.25,89200,89400,85600,84180,7311059800,1110372046000,12866420
214370,케어젠,65900,500,0.76,65700,66500,62000,77395,4929794400,705789000000,10710000
221980,케이디켐,17850,-50,-0.28,17600,17900,17600,695,12343300,72021180000,4034800
043290,케이맥,24200,50,0.21,24150,24400,23900,51477,1240153650,165479963000,6838015
250930,케이비제10호스팩,1975,-5,-0.25,1975,1980,1960,8097,15911645,10289750000,5210000
222390,케이비제8호스팩,1980,0,0,1980,1980,1970,32077,63425150,20413800000,10310000
232270,케이비제9호스팩,1965,10,0.51,1950,1965,1950,15971,31220830,27147850500,13815700
192250,케이사인,2200,55,2.56,2160,2220,2140,131745,285157040,135248020600,61476373
115500,케이씨에스,6710,-330,-4.69,7110,7270,6580,415795,2874002680,80520000000,12000000
089150,케이씨티,3610,-65,-1.77,3660,3770,3605,272428,1000105585,61911500000,17150000
025880,케이씨피드,4495,-205,-4.36,4790,4790,4165,146903,661808470,72597378520,16150696
093320,케이아이엔엑스,14650,-350,-2.33,15300,15450,14550,169538,2553287650,71492000000,4880000
065940,케이에스씨비,7270,-330,-4.34,7610,7680,7160,154433,1138319270,151875294490,20890687
073010,케이에스피,3760,0,0,0,0,0,0,0,35509579120,9444037
105330,케이엔더블유,8070,-40,-0.49,8110,8180,8000,29375,236605460,45687070290,5661347
068150,케이엔씨글로벌,1170,0,0,0,0,0,0,0,89088343110,76143883
039420,케이엘넷,2740,-25,-0.9,2765,2890,2725,926595,2614682840,66183960200,24154730
083550,케이엠,5730,110,1.96,5640,5780,5600,65996,375576020,56033200140,9778918
032500,케이엠더블유,8220,70,0.86,8200,8290,8130,11413,93355320,132342000000,16100000
204650,케이티비스팩1호,2005,0,0,2010,2010,2005,9501,19072010,11027500000,5500000
214150,케이티비스팩2호,1970,0,0,1975,1975,1960,15685,30858575,10835000000,5500000
064820,케이프,3075,-15,-0.49,3135,3135,2950,112340,339257000,56946699900,18519252
220260,케이프이에스스팩,2195,5,0.23,2180,2210,2155,7172,15680705,6628900000,3020000
024880,케이피에프,4835,-55,-1.12,4865,4940,4805,17836,86531235,71976914070,14886642
042040,케이피엠테크,14650,-50,-0.34,14750,15050,14550,13674,204028400,162722296600,11107324
054410,케이피티,8790,-80,-0.9,8870,9070,8290,12537,109372460,44477400000,5060000
089010,켐트로닉스,7680,130,1.72,7640,7780,7580,84290,648079810,80160291840,10437538
052400,코나아이,10200,370,3.76,9840,10400,9840,233682,2372730700,158703003600,15559118
094860,코닉글로리,905,-10,-1.09,928,928,899,293557,265068085,40357158225,44593545
046070,코다코,3025,-10,-0.33,3035,3075,3000,144375,436310175,109938083200,36343168
047770,코데즈컴바인,3595,-125,-3.36,3720,3760,3580,175599,640180280,136044154190,37842602
080530,코디,5010,280,5.92,4695,5100,4460,284157,1352358920,79718273310,15911831
224060,코디엠,1675,-175,-9.46,1745,1795,1675,8034608,13802938895,113087022000,67514640
078650,코렌,4825,120,2.55,4845,4885,4615,334095,1594882895,66707304100,13825348
104540,코렌텍,13000,50,0.39,12800,13100,12800,8841,114474400,127323989000,9794153
033430,코리드,503,0,0,0,0,0,0,0,46518139170,92481390
027050,코리아나,5450,-80,-1.45,5510,5640,5450,135922,751305600,218000000000,40000000
101670,코리아에스이,2010,-30,-1.47,2050,2070,2000,112398,227282060,37989000000,18900000
123410,코리아에프티,4700,0,0,4700,4715,4635,13574,63588505,130853000800,27841064
036690,코맥스,5500,-220,-3.85,5680,5810,5500,142747,807169010,75534866000,13733612
049430,코메론,11100,-150,-1.33,11150,11350,11050,20209,225236100,100432800000,9048000
041960,코미팜,29900,-400,-1.32,30300,30750,29900,117687,3562075650,1635241076300,54690337
009730,코센,1500,15,1.01,1485,1575,1485,403140,614575905,56086030500,37390687
241710,코스메카코리아,61100,1300,2.17,59800,61500,59000,38056,2293017500,326274000000,5340000
069110,코스온,11350,100,0.89,11650,11650,11200,61375,699815700,198742688150,17510369
048870,코아로직,3715,-40,-1.07,3815,4050,3715,382108,1473999390,164891344920,44385288
166480,코아스템,10150,-50,-0.49,10150,10400,10050,33543,342398750,159532016000,15717440
045970,코아시아홀딩스,6670,80,1.21,6590,6800,6590,1953,13106620,106870081670,16022501
038530,코아크로스,750,0,0,0,0,0,0,0,43885137000,58513516
029960,코엔텍,2685,-65,-2.36,2740,2755,2675,318323,862695595,134250000000,50000000
102940,코오롱생명과학,104300,-3200,-2.98,107700,108400,104200,33862,3556570300,793815827000,7610890
033290,코웰패션,3090,-30,-0.96,3025,3150,3025,21719,66919580,287568986730,93064397
056360,코위버,6060,10,0.17,6050,6150,6010,25060,151842590,59368608000,9796800
121850,코이즈,4260,110,2.65,4150,4530,4120,101237,431679815,42327977700,9936145
015710,코콤,8820,-200,-2.22,9030,9150,8810,21418,191148890,154619010000,17530500
052330,코텍,14150,-250,-1.74,14500,14600,14050,69167,988095000,220379910800,15574552
126600,코프라,13300,100,0.76,13200,13400,13100,9638,127157050,129652762400,9748328
200130,콜마비앤에이치,15950,100,0.63,15900,16250,15200,53570,835424200,471219750100,29543558
225650,쿠첸,10100,180,1.81,9900,10100,9900,14594,145252760,107931397700,10686277
060280,큐렉소,5220,40,0.77,5130,5280,5130,6279,32825570,140704400520,26954866
040350,큐로컴,2590,-140,-5.13,2730,2770,2550,793581,2107147030,240945387130,93029107
051780,큐로홀딩스,1830,-215,-10.51,2045,2065,1785,2598783,4961559670,110153596260,60193222
115180,큐리언트,30600,-200,-0.65,31100,31800,29800,55122,1677051150,221154217200,7227262
065560,큐브스,2250,-65,-2.81,2350,2350,2185,207247,465115370,61269291000,27230796
182360,큐브엔터,2450,120,5.15,2320,2550,2310,4277719,10386233840,65105729150,26573767
066310,큐에스아이,8010,-60,-0.74,8080,8160,7970,26402,212024740,66308622300,8278230
016600,큐캐피탈,1130,-125,-9.96,1240,1265,1105,3256879,3851763895,106554539890,94296053
043590,크로바하이텍,3735,-5,-0.13,3810,3820,3715,4741,17704625,48555000000,13000000
114120,크루셜텍,8500,-80,-0.93,8740,8930,8490,680091,5934658840,242483240000,28527440
083790,크리스탈,15600,-150,-0.95,15800,15950,15500,94089,1476938850,403743771600,25881011
900250,크리스탈신소재,3290,-10,-0.3,3300,3335,3275,175855,581131330,202738916590,61622771
045520,크린앤사이언스,6110,10,0.16,6150,6150,6050,32031,195571680,39715000000,6500000
237880,클리오,33400,-1100,-3.19,34000,34750,33000,41364,1400812700,563565381000,16873215
218710,키움스팩3호,1960,0,0,1955,1960,1945,5217,10197755,13132000000,6700000
226850,키움스팩4호,1935,-15,-0.77,1935,1950,1935,8664,16802010,19744740000,10204000
054780,키이스트,2285,-35,-1.51,2305,2345,2285,179836,413819610,176981176665,77453469
219130,타이거일렉,5470,0,0,5470,5580,5440,17321,95119030,34539166300,6314290
065130,탑엔지니어링,6400,-30,-0.47,6470,6480,6380,45685,293835430,102248044800,15976257
023160,태광,9660,160,1.68,9490,9780,9350,143712,1384836840,255990000000,26500000
053620,태양,11900,0,0,11900,11950,11800,3709,44049050,102340000000,8600000
072520,태양씨앤엘,1195,-35,-2.85,1250,1250,1195,81138,98011120,40020944350,33490330
044490,태웅,22500,-800,-3.43,23300,23300,22400,93056,2114332600,450166072500,20007381
191420,테고사이언스,53600,-1200,-2.19,54800,55100,53300,30036,1621171200,198473135200,3702857
123100,테라세미콘,26250,-100,-0.38,26450,26500,26100,90989,2391254050,296725800000,11303840
182690,테라셈,2955,-45,-1.5,3005,3070,2955,48508,145889480,41270534700,13966340
066700,테라젠이텍스,5550,-10,-0.18,5560,5610,5540,16544,91995540,154484782800,27835096
095610,테스,23850,-800,-3.25,24700,24750,23700,325998,7806447950,462830953500,19405910
131970,테스나,14200,-150,-1.05,14450,14700,14150,80044,1150677700,97270000000,6850000
089030,테크윙,13350,-100,-0.74,13450,13650,13300,85085,1141615700,241419651150,18083869
038540,텍셀네트컴,7470,20,0.27,7510,7560,7150,269400,1982239290,349535313720,46791876
054450,텔레칩스,10500,150,1.45,10300,10600,10150,33338,346220250,111625269000,10630978
091440,텔레필드,4045,-175,-4.15,4400,4595,4000,494396,2139711910,28141226800,6957040
200230,텔콘,3725,75,2.05,3680,3970,3680,1486415,5655673090,216410468250,58096770
051360,토비스,8200,-10,-0.12,8250,8250,8180,38009,311952540,137079875600,16717058
045340,토탈소프트,3435,5,0.15,3495,3580,3390,434191,1509901465,29396867400,8558040
057880,토필드,3345,-55,-1.62,3455,3495,3195,71884,236997965,53472306990,15985742
108230,톱텍,24200,-50,-0.21,24250,24350,23850,150589,3631742750,873098659400,36078457
079970,투비소프트,6460,-60,-0.92,6530,6580,6400,46221,300083870,89082566660,13789871
052290,트레이스,1800,5,0.28,1800,1830,1780,212673,381120855,80109964800,44505536
105550,트루윈,7300,200,2.82,7100,7500,7000,29848,214534920,70531607200,9661864
026150,특수건설,4670,-120,-2.51,4700,4785,4645,31197,146736850,46675781380,9994814
033830,티비씨,7960,0,0,7980,7980,7960,2866,22813400,79600000000,10000000
064760,티씨케이,38400,-100,-0.26,38350,39850,38150,61756,2418199550,448320000000,11675000
131290,티에스이,10000,-150,-1.48,10200,10400,10000,30486,309305900,110614290000,11061429
246690,티에스인베스트먼트,2810,-250,-8.17,3030,3045,2765,1859629,5381735830,63003021240,22421004
062860,티엘아이,6260,-20,-0.32,6310,6430,6240,45701,289097200,61803227200,9872720
104480,티케이케미칼,1885,20,1.07,1870,1910,1865,121820,229752770,171337893090,90895434
081150,티플랙스,2100,20,0.96,2080,2150,2050,829758,1750210090,45134365500,21492555
130740,티피씨글로벌,4400,95,2.21,4315,4650,4280,132416,583424270,41580000000,9450000
084730,팅크웨어,10600,-50,-0.47,10950,11450,10600,496644,5468774950,104520006800,9860378
046210,파나진,6500,30,0.46,6470,6550,6430,20045,129970510,192937680000,29682720
034230,파라다이스,13350,-700,-4.98,14000,14000,13250,768393,10425180550,1214084671200,90942672
033540,파라텍,7050,30,0.43,7040,7160,7020,44139,311949000,79060166400,11214208
043200,파루,3655,5,0.14,3660,3710,3655,308320,1133769030,101014218195,27637269
214450,파마리서치프로덕트,35150,-1050,-2.9,36150,36500,35050,52576,1869698700,332737527550,9466217
177830,파버나인,5630,0,0,5550,5690,5510,62684,350606540,30152230680,5355636
037070,파세코,5350,0,0,5370,5440,5250,16590,88283170,70620000000,13200000
150900,파수닷컴,6000,-30,-0.5,6030,6030,5960,2326,13916340,48856170000,8142695
047310,파워로직스,4150,210,5.33,3950,4160,3935,440540,1800203530,132949458100,32036014
170790,파이오링크,7350,70,0.96,7400,7400,7200,2314,16697000,50394025500,6856330
049120,파인디앤씨,5740,-750,-11.56,6560,6580,5420,2957305,17619398210,107635446800,18751820
038950,파인디지털,6170,90,1.48,6110,6700,6060,1556628,9981515460,62877020050,10190765
106240,파인테크닉스,2890,-85,-2.86,3000,3010,2890,322850,951498695,96771936110,33485099
131760,파인텍,10550,-100,-0.94,10600,11050,10250,674956,7187214800,102334968350,9699997
140860,파크시스템스,20950,-50,-0.24,21350,21700,20700,37778,802537700,136737612250,6526855
091700,파트론,11200,400,3.7,10850,11300,10700,2478556,27372911450,606551792000,54156410
194510,파티게임즈,9140,0,0,9110,9400,9090,93265,862016660,110977770320,12141988
038160,팍스넷,9010,-800,-8.15,9860,9980,9010,601067,5764387600,99808464210,11077521
032800,판타지오,1580,-50,-3.07,1650,1650,1580,414313,661533810,78886465940,49928143
043090,팜스웰바이오,3490,45,1.31,3415,3510,3400,112975,393321025,83753833170,23998233
027710,팜스토리,1425,-5,-0.35,1430,1455,1420,263898,379306855,125895089175,88347431
054300,팬스타엔터프라이즈,1635,20,1.24,1620,1645,1590,86354,139273150,44493936795,27213417
068050,팬엔터테인먼트,4485,-55,-1.21,4540,4550,4480,10195,46091040,45435373230,10130518
222110,팬젠,13800,-400,-2.82,14250,14750,13750,58702,823755300,124869507000,9048515
060900,퍼시픽바이오,1260,0,0,0,0,0,0,0,42209080200,33499270
087010,펩트론,40750,100,0.25,41450,41450,40000,11330,457987550,254809057250,6252983
043370,평화정공,13600,-550,-3.89,14150,14150,13600,92175,1280327650,285600000000,21000000
119500,포메탈,3800,-110,-2.81,3885,3920,3800,199442,764104330,45693784000,12024680
016670,포비스티앤씨,2685,100,3.87,2555,2775,2555,996159,2676635380,107609585730,40078058
056730,포스링크,4760,95,2.04,4680,4890,4650,82283,387995485,39748884560,8350606
022100,포스코 ICT,5680,10,0.18,5730,5760,5620,394227,2236486820,863557260720,152034729
009520,포스코엠텍,2920,40,1.39,2880,2920,2860,56598,163941850,121596692760,41642703
003670,포스코켐텍,12100,50,0.41,12150,12200,11900,213938,2572898550,714747000000,59070000
189690,포시에스,7690,30,0.39,7720,7720,7630,6584,50519670,52583420240,6837896
141020,포티스,2450,-200,-7.55,2620,2625,2450,317430,793656535,57213367750,23352395
039230,폭스브레인,2545,-55,-2.12,2630,2635,2530,290398,744699525,93958485975,36918855
005670,푸드웰,6440,-300,-4.45,6800,6860,6410,118889,781674130,51520000000,8000000
094940,푸른기술,6820,60,0.89,6860,7130,6790,183643,1284411950,38472827140,5641177
007330,푸른저축은행,5610,110,2,5600,5770,5540,5001,27997460,84614508000,15082800
093380,풍강,4015,-75,-1.83,4110,4170,4015,36014,145993780,39665441695,9879313
023900,풍국주정,6840,10,0.15,6850,6880,6800,9752,66741830,86184000000,12600000
195440,퓨전데이타,14400,200,1.41,15200,16150,14400,547835,8292426950,48431520000,3363300
214270,퓨쳐스트림네트웍스,2015,-245,-10.84,2260,2315,2000,608398,1295777425,91913584230,45614682
220100,퓨쳐켐,9250,-50,-0.54,9210,9430,9120,12659,116773960,52004785750,5622139
035200,프럼파스트,5800,-320,-5.23,6530,6530,5660,168055,984530170,46643559400,8041993
203690,프로스테믹스,4260,-35,-0.81,4230,4345,4175,129607,551659635,192405583800,45165630
053610,프로텍,11250,100,0.9,11250,11300,10950,79499,884908100,105737692500,9398906
053160,프리엠스,8180,-210,-2.5,8530,8680,8180,227005,1911266190,49080000000,6000000
060910,프리젠,920,0,0,0,0,0,0,0,4904031480,5330469
075130,플랜티넷,7770,270,3.6,7530,7770,7420,314219,2397805640,69619200000,8960000
023770,플레이위드,10600,-200,-1.85,10850,11050,10600,26762,289091650,32599971400,3075469
032580,피델릭스,2570,-190,-6.88,2755,2810,2570,1137137,3055092025,52857891610,20567273
051380,피씨디렉트,4400,-135,-2.98,4540,4685,4400,7890,35303395,33176598400,7540136
237750,피앤씨테크,8800,0,0,8790,8890,8750,20308,178578660,57170080000,6496600
131390,피앤이솔루션,5480,-20,-0.36,5460,5620,5460,56366,311537740,78254400000,14280000
024850,피에스엠씨,848,-84,-9.01,935,990,827,25118961,23505358306,32839818448,38726201
031980,피에스케이,14050,0,0,14050,14150,13650,163810,2276552950,285659036200,20331604
002230,피에스텍,5260,40,0.77,5220,5330,5220,19381,102240470,98658569320,18756382
137400,피엔티,9530,10,0.11,9560,9780,9520,36613,352062920,72428000000,7600000
128660,피제이메탈,1885,-20,-1.05,1905,1915,1880,30299,57476970,46754350565,24803369
006140,피제이전자,7740,90,1.18,7640,7740,7610,3939,30223980,77400000000,10000000
087600,픽셀플러스,16000,-400,-2.44,16400,16550,16000,13193,214055050,130664928000,8166558
064800,필링크,2995,-315,-9.52,3345,3345,2995,618067,1943308535,113065368125,37751375
230240,하나금융7호스팩,1950,-5,-0.26,1945,1955,1945,4898,9538270,15600000000,8000000
250060,하나금융8호스팩,2005,0,0,1990,2005,1945,88173,175674820,12836010000,6402000
067310,하나마이크론,6180,390,6.74,5840,6200,5770,1065807,6425195300,138249356280,22370446
208870,하나머스트3호스팩,2045,20,0.99,2020,2045,2020,5950,12062120,4826200000,2360000
215100,하나머스트4호스팩,2000,15,0.76,1975,2000,1960,26142,51792500,5600000000,2800000
218150,하나머스트5호스팩,1980,10,0.51,1970,1980,1960,27444,53979005,6989400000,3530000
136480,하림,4805,-10,-0.21,4825,4850,4780,226742,1090442815,259210232090,53945938
024660,하림홀딩스,3985,-55,-1.36,4045,4045,3980,119803,478451260,355291402150,89157190
149980,하이로닉,6740,-90,-1.32,6910,7070,6730,78219,538987160,94998581300,14094745
013030,하이록코리아,19100,-350,-1.8,19600,19600,19100,11474,220974400,260012731200,13613232
126700,하이비젼시스템,8430,280,3.44,8200,8510,8140,358510,3008904260,125962004160,14942112
200470,하이셈,3135,-145,-4.42,3270,3330,3100,369497,1178378340,55030786800,17553680
106080,하이소닉,4565,15,0.33,4830,5630,4450,19503736,101173838740,62901244560,13779024
235010,하이에이아이1호스팩,1950,0,0,1950,1950,1940,4938,9608200,9652500000,4950000
205470,하이제2호스팩,2010,5,0.25,2005,2010,2005,9840,19753200,11356500000,5650000
217500,하이제3호스팩,1955,5,0.26,1945,1955,1945,13180,25701090,9286250000,4750000
221840,하이즈항공,7570,-30,-0.39,7700,7700,7520,10649,80699450,133959984190,17696167
106190,하이텍팜,14000,0,0,13950,14100,13900,13258,184972750,99242948000,7088782
066130,하츠,5410,-170,-3.05,5560,5640,5370,116991,641719450,69248000000,12800000
240540,한국4호스팩,1960,-5,-0.25,1965,1965,1955,5367,10526185,10780000000,5500000
004590,한국가구,42250,-100,-0.24,42300,43150,41950,5219,220641250,63375000000,1500000
039340,한국경제TV,3995,10,0.25,3990,4045,3910,76956,306180435,91885000000,23000000
034950,한국기업평가,41500,0,0,41500,41500,41000,727,29982300,188431331000,4540514
222980,한국맥널티,13400,-50,-0.37,13350,13750,13300,5186,69785450,66665000000,4975000
025550,한국선재,3105,-45,-1.43,3180,3220,3100,838580,2657026810,76141598670,24522254
017890,한국알콜,7940,40,0.51,7910,7980,7840,68351,539875320,171549734400,21605760
063570,한국전자금융,5930,70,1.19,5910,6050,5860,60845,360261820,154269003370,26015009
041460,한국전자인증,6240,-20,-0.32,6360,6380,6200,97701,611307090,133905713760,21459249
101680,한국정밀기계,4215,-30,-0.71,4240,4300,4210,7256,30776015,35422860000,8404000
039740,한국정보공학,5920,0,0,5860,6020,5840,17257,102772510,47468910240,8018397
053300,한국정보인증,6220,-70,-1.11,6240,6360,6200,139716,876910810,193846300000,31165000
025770,한국정보통신,10950,-500,-4.37,11500,11550,10800,72498,804253850,424999535850,38812743
023760,한국캐피탈,789,-10,-1.25,806,806,787,160984,127624347,132717355464,168209576
054040,한국컴퓨터,5270,10,0.19,5260,5360,5200,116929,614806220,84695698300,16071290
021650,한국큐빅,4255,-300,-6.59,4590,4645,4240,1410696,6265762730,42081950000,9890000
053590,한국테크놀로지,3090,0,0,3100,3190,2900,56878,172419155,123165796290,39859481
037230,한국팩키지,3500,15,0.43,3590,3615,3460,773500,2735672450,87500000000,25000000
030520,한글과컴퓨터,15950,0,0,16100,16100,15750,39216,622494550,368161265450,23082211
052600,한네트,4330,-80,-1.81,4490,4520,4300,180363,793098070,50070821000,11563700
092460,한라IMS,9030,-110,-1.2,9110,9200,9010,28794,261408520,91184831640,10097988
047080,한빛소프트,6830,1170,20.67,6600,7350,6430,12838628,88506840970,169197739070,24772729
081970,한솔넥스지,5300,50,0.95,5300,5310,5230,18046,95181460,30528000000,5760000
099660,한솔신텍,1700,-10,-0.58,1700,1725,1680,197900,335950510,108778923400,63987602
221610,한솔씨앤피,13500,350,2.66,13300,13550,13150,14234,190017000,53914585500,3993673
070590,한솔인티큐브,3195,-50,-1.54,3245,3270,3095,462434,1456661645,44345069595,13879521
042520,한스바이오메드,14600,-750,-4.89,15400,15500,14500,51272,758072050,143924712200,9857857
078350,한양디지텍,4090,65,1.61,4025,4125,4025,33097,134822175,40900000000,10000000
045100,한양이엔지,10250,0,0,10250,10400,10200,71234,733111250,184500000000,18000000
064090,한양하이타오,1480,-45,-2.95,1505,1550,1450,271223,404016065,43198050560,29187872
046110,한일네트웍스,4655,-95,-2,4750,4810,4650,114967,542614135,55646926685,11954227
024740,한일단조,2900,-30,-1.02,2930,2930,2850,51764,148248205,42813775900,14763371
005860,한일사료,2305,5,0.22,2315,2460,2270,2709518,6427216825,90825493925,39403685
123840,한일진공,2895,-20,-0.69,2870,2990,2870,312295,910725950,93264130155,32215589
007770,한일화학,14050,-500,-3.44,14550,15400,14050,8877,126741000,49315500000,3510000
061460,한진피앤씨,2510,-45,-1.76,2545,2580,2495,271991,688860325,210724565100,83954010
079170,한창산업,7020,-450,-6.02,7400,7530,7020,32207,233019940,36504000000,5200000
054920,한컴시큐어,3700,-100,-2.63,3800,3870,3685,63015,235006405,46287059200,12510016
077280,한컴지엠디,3475,-95,-2.66,3600,3710,3460,276296,978857675,39028750125,11231295
002680,한탑,2400,-20,-0.83,2440,2495,2390,199624,487331235,49920000000,20800000
066110,한프,4220,-5,-0.12,4225,4265,4110,49963,208502990,112861785780,26744499
217620,한화ACPC스팩,1965,5,0.26,1945,1965,1945,12684,24827920,14639250000,7450000
215380,한화MGI스팩,1975,-20,-1,1955,1995,1955,8342,16423285,10862500000,5500000
219860,한화에이스스팩2호,1965,5,0.26,1945,1965,1945,2265,4417590,13996695000,7123000
102210,해덕파워웨이,5550,50,0.91,5500,5590,5430,6921,37839390,56462841750,10173485
220630,해마로푸드서비스,2160,0,0,2165,2265,2150,2525948,5580555525,197093578320,91247027
034810,해성산업,14100,0,0,14200,14200,13800,11078,154746050,137898000000,9780000
076610,해성옵틱스,5240,160,3.15,5110,5280,4990,294607,1523762235,87377000000,16675000
220180,핸디소프트,7030,0,0,7040,7190,7000,67519,478000900,52436833270,7459009
008800,행남생활건강,1245,5,0.4,1245,1270,1215,526765,655619460,85711886805,68844889
900270,헝셩그룹,2670,-10,-0.37,2680,2750,2665,267960,720321770,213600000000,80000000
170030,현대공업,5040,40,0.8,5010,5100,5010,22683,114143200,77313600000,15340000
221950,현대드림3호스팩,1960,0,0,1945,1960,1945,1623,3169610,13357400000,6815000
226360,현대드림4호스팩,1955,0,0,1935,1960,1935,5337,10353645,10390825000,5315000
048410,현대아이비티,4400,50,1.15,4390,4450,4370,102540,450954900,133310113200,30297753
204760,현대에이블스팩1호,2010,-5,-0.25,2005,2020,2005,16397,32923500,11105250000,5525000
026180,현대정보기술,1925,0,0,1925,1930,1885,53436,101511040,114609100375,59537195
039010,현대통신,7620,-60,-0.78,7680,7740,7500,51824,393390140,65722500000,8625000
204990,현성바이탈,6640,20,0.3,6620,6700,6520,64483,427645730,144353600000,21740000
092300,현우산업,3385,-35,-1.02,3420,3545,3310,191810,658138145,41403637655,12231503
053660,현진소재,1250,-45,-3.47,1310,1310,1250,166980,211314755,41403413750,33122731
011080,형지I&C,1500,-15,-0.99,1535,1560,1500,88943,135453360,58433502000,38955668
060560,홈센타홀딩스,4065,-45,-1.09,4160,4195,4060,111723,459440430,165501410010,40713754
064240,홈캐스트,16500,-250,-1.49,16900,17200,16350,486753,8132206750,531644734500,32220893
039610,화성,5920,-10,-0.17,5950,5970,5840,7179,42385970,43097600000,7280000
126640,화신정공,1635,-25,-1.51,1660,1680,1620,91521,150359535,59471305245,36373887
086250,화신테크,2900,-30,-1.02,2970,3000,2870,23163,67594495,28130000000,9700000
204630,화이브라더스,4720,-45,-0.94,4665,4765,4665,27827,131274180,130266265200,27598785
061250,화일약품,7250,-110,-1.49,7320,7430,7210,38606,281881950,104479445500,14410958
134780,화진,6080,-210,-3.34,6270,6290,6070,20117,123787840,74966400000,12330000
097870,효성오앤비,11500,-250,-2.13,11850,11900,11400,22015,254600500,66700000000,5800000
050090,휘닉스소재,1425,-70,-4.68,1490,1500,1410,1024078,1482970060,92579301675,64967931
115160,휴맥스,12200,-100,-0.81,12300,12400,12100,35365,430067150,291723935600,23911798
028080,휴맥스홀딩스,6790,-20,-0.29,6750,6810,6750,2477,16800050,85401265740,12577506
200670,휴메딕스,27350,-550,-1.97,27800,28450,27300,47062,1301880600,239215681000,8746460
065510,휴비츠,12500,-200,-1.57,12650,12900,12450,33081,416723000,148504637500,11880371
243070,휴온스,52500,-1700,-3.14,54400,54600,52300,26882,1437123800,309511860000,5895464
084110,휴온스글로벌,26900,-650,-2.36,27350,27950,26750,45033,1230565950,261426896800,9718472
145020,휴젤,324500,5400,1.69,325600,332600,321100,31135,10181440500,1065676821000,3284058
024060,흥구석유,3100,-70,-2.21,3170,3185,3100,51205,159832405,46500000000,15000000
010240,흥국,7100,-450,-5.96,7690,7690,7050,96809,699307200,43745570800,6161348
189980,흥국에프엔비,12450,-50,-0.4,12600,12950,12150,30230,373195250,91399072950,7341291
037440,희림,4900,-35,-0.71,4935,5020,4900,27903,137321595,68220127500,13922475
