단축코드,종목명,종가,대비,등락률,시가,고가,저가,거래량,거래대금,시가총액,상장주식수
095570,AJ네트웍스,3190,-40,-1.24,3230,3230,3180,58591,187297840,149363121050,46822295
006840,AK홀딩스,18050,-100,-0.55,18150,18250,17900,45223,815140350,239118476050,13247561
027410,BGF,4210,-35,-0.82,4220,4265,4200,78821,332367070,402967690110,95716791
282330,BGF리테일,124500,-500,-0.4,124000,125000,123000,35997,4468532500,2151846297000,17283906
138930,BNK금융지주,5140,-100,-1.91,5230,5260,5120,1128034,5829229640,1675307164440,325935246
001460,BYC,205500,-4000,-1.91,209500,209500,205000,939,193553500,128358382500,624615
001465,BYC우,129000,-3000,-2.27,129500,135000,125000,2815,359484000,27784665000,215385
001040,CJ,82400,200,0.24,82100,82600,81600,61384,5039963500,2404184635200,29176998
079160,CJ CGV,19700,200,1.03,19650,20000,19600,201308,3977850650,416877866100,21161313
00104K,CJ4우(전환),57200,-300,-0.52,57500,57500,56700,13549,771650300,241756486400,4226512
000120,CJ대한통운,153000,1000,0.66,152000,154000,151500,48334,7396428000,3490288632000,22812344
011150,CJ씨푸드,3585,-5,-0.14,3625,3625,3575,218123,782770310,128811821205,35930773
011155,CJ씨푸드1우,44550,-450,-1,46150,46900,44000,15846,716340400,8910000000,200000
001045,CJ우,42900,150,0.35,42950,42950,42400,3743,159646750,96963566700,2260223
097950,CJ제일제당,386000,19000,5.18,367000,390000,366000,147404,55961829000,5810915796000,15054186
097955,CJ제일제당 우,147000,5000,3.52,143000,147500,142000,7884,1145310000,195132651000,1327433
000590,CS홀딩스,63800,300,0.47,63500,64500,62800,2691,170869400,73655951600,1154482
012030,DB,724,16,2.26,709,731,705,912179,656174508,145649927492,201173933
016610,DB금융투자,3560,-10,-0.28,3570,3580,3515,119088,423429195,151109144840,42446389
005830,DB손해보험,47100,500,1.07,46600,47100,46050,145191,6754101200,3334680000000,70800000
000990,DB하이텍,34100,-1050,-2.99,35350,35350,34050,1149844,39865959450,1513991850800,44398588
000995,DB하이텍1우,68400,-2800,-3.93,70000,70000,67000,6801,464929100,7682414400,112316
139130,DGB금융지주,5150,-100,-1.9,5290,5300,5150,880394,4584096460,871101039950,169145833
001530,DI동일,73000,-1500,-2.01,75500,75500,73000,10734,791333700,179989457000,2465609
004840,DRB동일,6700,-70,-1.03,6740,6760,6620,34155,228385830,133531000000,19930000
155660,DSR,3990,-75,-1.85,4095,4095,3990,41907,168058595,63840000000,16000000
069730,DSR제강,4315,-35,-0.8,4350,4370,4310,38777,167788675,62136000000,14400000
017940,E1,37950,-200,-0.52,38500,38500,37550,9853,372813900,260337000000,6860000
007700,F&F,81600,800,0.99,80500,81800,79900,72259,5851825900,1256640000000,15400000
114090,GKL,12750,-250,-1.92,13000,13100,12700,365204,4678130600,788659792500,61855670
078930,GS,35000,-450,-1.27,35350,35450,34900,194384,6807751100,3252038230000,92915378
006360,GS건설,26950,250,0.94,26750,26950,25800,681004,17954426350,2158635817800,80097804
001250,GS글로벌,1690,-35,-2.03,1715,1720,1690,131531,224364005,139482061160,82533764
007070,GS리테일,34350,-300,-0.87,34550,34850,34000,323383,11082712400,2644950000000,77000000
078935,GS우,29250,-50,-0.17,29400,29500,29100,8271,241890950,52206160500,1784826
012630,HDC,9710,-290,-2.9,9980,10100,9710,668570,6582154710,580092110910,59741721
039570,HDC아이콘트롤스,8190,60,0.74,8150,8210,8010,11343,92583600,134807400000,16460000
089470,HDC현대EP,4120,-35,-0.84,4160,4255,4110,171930,714761780,131428000000,31900000
294870,HDC현대산업개발,21700,-800,-3.56,22500,22800,21600,1152344,25212206000,1430189061000,65907330
011200,HMM,5880,30,0.51,5900,6080,5750,5181841,30731956270,1921150779240,326726323
082740,HSD엔진,4700,65,1.4,4600,4790,4585,373507,1752729945,154851567400,32947142
003560,IHQ,1480,-20,-1.33,1485,1505,1475,332966,494398325,216428907040,146235748
175330,JB금융지주,4600,-110,-2.34,4710,4715,4600,332464,1547546810,906121312400,196982894
234080,JW생명과학,19550,750,3.99,18800,20650,18800,431291,8482061000,309565530700,15834554
001060,JW중외제약,35850,-550,-1.51,36400,37100,35800,199028,7224572800,749983935900,20920054
001067,JW중외제약2우B,62400,900,1.46,61500,64900,60500,6717,420951200,5639337600,90374
001065,JW중외제약우,65400,-1400,-2.1,67400,69500,63600,31198,2063187100,11272409400,172361
096760,JW홀딩스,5350,-20,-0.37,5370,5410,5290,190453,1015223180,355519029250,66452155
105560,KB금융,35250,-700,-1.95,35850,35900,35250,1893355,67051155800,14657229180000,415807920
002380,KCC,134500,-2000,-1.47,136500,137500,134500,33649,4552592000,1195230349500,8886471
009070,KCTC,2370,10,0.42,2380,2380,2350,128272,302927125,71100000000,30000000
009440,KC그린홀딩스,4110,-20,-0.48,4120,4145,4050,53578,218720085,92207767800,22434980
119650,KC코트렐,5950,-150,-2.46,6140,6150,5920,223903,1354284180,77350000000,13000000
092220,KEC,821,-4,-0.48,828,830,821,280921,231445600,95816397740,116706940
016380,KG동부제철,11950,-100,-0.83,12100,12100,11850,35351,421675650,1195106319150,100008897
016385,KG동부제철우,103000,-2500,-2.37,104000,105500,103000,1457,151120500,5498655000,53385
001390,KG케미칼,13450,-150,-1.1,13650,13750,13450,151334,2060793450,175027970400,13013232
001940,KISCO홀딩스,11400,-100,-0.87,11500,11700,11300,7440,85040350,210630732000,18476380
025000,KPX케미칼,44900,-600,-1.32,45500,45500,44900,1882,84913400,217316000000,4840000
092230,KPX홀딩스,41900,-150,-0.36,41950,42150,41900,1668,70015400,177012667400,4224646
000040,KR모터스,712,-4,-0.56,720,720,701,490989,348019800,65262644816,91661018
044450,KSS해운,8440,60,0.72,8510,8650,8410,76972,653737140,195688827200,23185880
030200,KT,23800,0,0,23800,24000,23700,707167,16855397200,6214461030400,261111808
033780,KT&G,80900,-1200,-1.46,82100,82500,80700,376445,30551285100,11106963007300,137292497
030210,KTB투자증권,2450,-60,-2.39,2510,2525,2440,235632,583334620,147769525400,60314092
058850,KTcs,1810,-5,-0.28,1815,1825,1800,129125,233170460,77259850000,42685000
058860,KTis,2195,-55,-2.44,2250,2265,2180,181143,399915920,76390390000,34802000
093050,LF,11950,-100,-0.83,12050,12150,11950,93916,1128556450,349418000000,29240000
003550,LG,74000,600,0.82,73400,74400,72000,359103,26326987200,12769227694000,172557131
034220,LG디스플레이,12600,-200,-1.56,12850,13050,12600,1661670,21167632550,4508477820000,357815700
001120,LG상사,15100,-100,-0.66,15150,15400,14950,296052,4462360300,585276000000,38760000
051900,LG생활건강,1371000,-14000,-1.01,1400000,1400000,1370000,27006,37209302000,21412548087000,15618197
051905,LG생활건강우,714000,2000,0.28,719000,722000,714000,4748,3406944000,1499183658000,2099697
003555,LG우,48100,100,0.21,47750,48550,47700,8644,416404300,159435963700,3314677
032640,LG유플러스,11450,-200,-1.72,11600,11750,11450,1809616,20913752250,4999200083450,436611361
011070,LG이노텍,161000,-1000,-0.62,165500,166500,161000,165939,27063948500,3810404227000,23667107
066570,LG전자,70700,-1400,-1.94,72200,72500,70600,851076,60514241700,11569900449800,163647814
066575,LG전자우,26900,50,0.19,26950,27000,26450,57929,1541083700,462303184800,17185992
108670,LG하우시스,62600,1600,2.62,61000,63000,60600,101130,6274519600,561376142000,8967670
108675,LG하우시스우,28200,-200,-0.7,28150,28500,27700,7479,209935050,29111706000,1032330
037560,LG헬로비전,3970,-20,-0.5,3990,4000,3970,104272,414788330,307464054050,77446865
051910,LG화학,568000,38000,7.17,541000,580000,532000,1376453,769039569500,40096450824000,70592343
051915,LG화학우,266000,9500,3.7,262500,270000,257500,151483,40290036000,2045220800000,7688800
079550,LIG넥스원,33650,-1250,-3.58,34600,35100,33500,99576,3409792950,740300000000,22000000
006260,LS,41950,-300,-0.71,42300,42550,41750,70742,2972189300,1350790000000,32200000
010120,LS ELECTRIC,53600,-300,-0.56,53900,55100,53000,188406,10143156800,1608000000000,30000000
000680,LS네트웍스,2150,-35,-1.6,2180,2195,2150,73287,158503970,169426484400,78803016
229640,LS전선아시아,6680,-140,-2.05,6880,6880,6660,150622,1012430860,204574191720,30624879
023150,MH에탄올,7110,-40,-0.56,7130,7260,7050,159081,1201063410,52461319860,7378526
035420,NAVER,301000,7000,2.38,299000,303000,296500,1567503,470401573500,49443281895000,164263395
181710,NHN,82400,1100,1.35,81300,83900,81300,135692,11208766400,1612158060000,19565025
005940,NH투자증권,8780,-20,-0.23,8800,8850,8710,1049496,9194742400,2470770027860,281408887
005945,NH투자증권우,7440,-40,-0.53,7500,7500,7410,79055,587639090,140400001920,18870968
338100,NH프라임리츠,4455,-10,-0.22,4465,4470,4450,33172,147875980,83130300000,18660000
034310,NICE,20400,-50,-0.24,20600,20800,20250,52827,1080841000,772798920000,37882300
008260,NI스틸,2165,-35,-1.59,2200,2225,2150,173872,377548185,61919253305,28600117
004250,NPC,3425,-25,-0.72,3450,3460,3425,28363,97627025,125766000000,36720000
004255,NPC우,2310,10,0.43,2300,2320,2300,1077,2484425,12196800000,5280000
010060,OCI,56100,-100,-0.18,56400,57400,55500,372687,21023575400,1337949713100,23849371
005490,POSCO,193500,-5500,-2.76,198000,198500,193000,379886,74072285000,16870652572500,87186835
100840,S&TC,15500,-200,-1.27,15700,15900,15250,27988,433563250,116354020500,7506711
064960,S&T모티브,44900,-900,-1.97,46000,46300,44550,68002,3065560150,656578806400,14623136
003570,S&T중공업,5030,-130,-2.52,5150,5160,5030,137093,696442350,167261065910,33252697
036530,S&T홀딩스,15550,250,1.63,15400,15750,15250,14611,225672100,253525427300,16303886
010950,S-Oil,61000,-500,-0.81,61400,62200,61000,337843,20683493700,6867550312000,112582792
010955,S-Oil우,35300,200,0.57,35100,35350,34700,19285,672397000,141974023100,4021927
034120,SBS,15750,-200,-1.25,15950,16000,15700,69432,1097706400,287478166500,18252582
101060,SBS미디어홀딩스,1885,-5,-0.26,1885,1895,1875,35826,67421045,263704318150,139896190
004060,SG세계물산,629,-6,-0.94,636,640,629,1451602,919566948,127325299840,202424960
001380,SG충방,1605,-20,-1.23,1620,1630,1595,305413,490762840,72167449515,44964143
002360,SH에너지화학,811,-12,-1.46,824,828,806,828543,672739251,90129455030,111133730
009160,SIMPAC,2420,15,0.62,2410,2450,2400,35433,85434515,158339428720,65429516
123700,SJM,2525,0,0,2525,2600,2520,16905,42896855,39402367450,15604898
025530,SJM홀딩스,2540,0,0,2515,2565,2515,12113,30750700,37932380320,14934008
034730,SK,221500,-6000,-2.64,227000,229500,221000,259316,57818183500,15584805785500,70360297
011790,SKC,69900,400,0.58,69600,71100,69100,393356,27555265400,2623665394500,37534555
018670,SK가스,86000,-1400,-1.6,87400,89300,86000,35907,3160663300,793800984000,9230244
001740,SK네트웍스,5090,40,0.79,5090,5140,5000,671215,3416489990,1263275123230,248187647
001745,SK네트웍스우,177000,-500,-0.28,175500,181000,173000,4491,793703000,20115696000,113648
006120,SK디스커버리,48400,-1300,-2.62,49700,50200,48400,366148,17987652850,921432182000,19037855
006125,SK디스커버리우,54400,-5600,-9.33,59500,59800,54200,231945,12947073300,73899952000,1358455
210980,SK디앤디,33450,-1350,-3.88,34800,34800,33150,103002,3490684950,635220985800,18990164
068400,SK렌터카,9260,-80,-0.86,9280,9370,9190,48397,447445690,331185196400,35765140
326030,SK바이오팜,182000,-3000,-1.62,184000,184500,182000,222520,40608969000,14253011500000,78313250
03473K,SK우,227500,-4500,-1.94,230500,230500,226000,22769,5174549000,128795712500,566135
096770,SK이노베이션,127000,-500,-0.39,128000,131000,124500,656169,83886747000,11743126628000,92465564
096775,SK이노베이션우,89800,300,0.34,89500,91000,88800,10797,968551600,112108654800,1248426
001510,SK증권,837,2,0.24,835,840,830,4522020,3776177176,395557973127,472590171
001515,SK증권우,6310,20,0.32,6360,6420,6250,169336,1070615440,24687963340,3912514
285130,SK케미칼,269000,-5000,-1.82,273000,278500,268000,331889,89959666500,3158435524000,11741396
28513K,SK케미칼우,175000,-13500,-7.16,186500,191500,174000,265983,47745517500,255267250000,1458670
017670,SK텔레콤,220500,500,0.23,220000,223500,219500,730524,162247009500,17804429275500,80745711
000660,SK하이닉스,82800,-2500,-2.93,85700,86000,82800,4848989,405626780500,60278595822000,728002365
005610,SPC삼립,65300,1200,1.87,64300,65700,64100,14524,943719100,563474287700,8629009
011810,STX,5560,-10,-0.18,5590,5600,5490,17997,99497520,109681575120,19726902
077970,STX엔진,5800,40,0.69,5870,5880,5760,9816,57006290,133451643200,23008904
071970,STX중공업,2340,-20,-0.85,2420,2420,2315,51294,120573760,66376383840,28365976
084870,TBH글로벌,1735,-35,-1.98,1770,1770,1720,91636,158823730,36186580965,20856819
002710,TCC스틸,1920,0,0,1900,1960,1865,132448,253434845,44160000000,23000000
024070,WISCOM,2295,5,0.22,2290,2295,2260,9967,22776425,35174175210,15326438
037270,YG PLUS,3760,230,6.52,3520,3870,3490,12109337,45074169850,218721847040,58170704
000500,가온전선,16600,-50,-0.3,16650,16800,16300,7760,127567800,69061760200,4160347
000860,강남제비스코,15000,-150,-0.99,15250,15250,14900,6816,102619400,97500000000,6500000
035250,강원랜드,22850,-100,-0.44,22950,23300,22800,546739,12535647600,4888540425000,213940500
011420,갤럭시아에스엠,1410,-40,-2.76,1445,1450,1360,417608,582457970,38844998040,27549644
002100,경농,13450,-300,-2.18,13800,13800,13450,149088,2025662300,291754037500,21691750
009450,경동나비엔,50500,-1200,-2.32,51700,51700,50500,42452,2155520900,643345255000,12739510
267290,경동도시가스,16650,-100,-0.6,16850,16850,16500,11850,196758250,98158509900,5895406
012320,경동인베스트,27450,-150,-0.54,27550,27750,27400,2659,73104750,64919881350,2365023
000050,경방,11400,-100,-0.87,11450,11600,11400,13898,159704400,312534078000,27415270
214390,경보제약,10450,250,2.45,10100,10650,10050,268006,2787950500,249826687000,23906860
012610,경인양행,8940,150,1.71,8860,8950,8640,1157244,10232679320,368295503100,41196365
009140,경인전자,18250,-500,-2.67,18700,18700,18150,1411,25898350,28667045250,1570797
013580,계룡건설,25500,2000,8.51,24100,27900,24100,1971620,50643054800,227738128500,8930907
012200,계양전기,2800,-35,-1.23,2835,2840,2800,82527,232763505,91280000000,32600000
012205,계양전기우,8040,40,0.5,8080,8170,7910,25721,206654580,11256000000,1400000
002140,고려산업,3675,-55,-1.47,3715,3745,3650,234466,862502970,91652386875,24939425
010130,고려아연,414000,-7500,-1.78,417500,425000,411500,78207,32474105500,7812180000000,18870000
002240,고려제강,15700,-250,-1.57,15950,16000,15650,58283,918175450,314000000000,20000000
009290,광동제약,9150,-120,-1.29,9270,9500,9130,791572,7348917650,479650786650,52420851
017040,광명전기,1890,-15,-0.79,1900,1910,1890,139922,265853715,81908092350,43337615
017900,광전자,2535,-40,-1.55,2520,2535,2475,1040545,2613998540,146887439205,57943763
037710,광주신세계,138000,-1500,-1.08,140500,142000,138000,534,75016000,220800000000,1600000
030610,교보증권,6710,-40,-0.59,6740,6770,6650,107846,721431890,433823616160,64653296
007690,국도화학,39450,1300,3.41,38200,39800,38050,34307,1343547400,229228801200,5810616
005320,국동,3205,185,6.13,3060,3295,2980,2648305,8354847605,121873695370,38026114
001140,국보,2370,25,1.07,2345,2425,2305,1081087,2564503250,105693318690,44596337
002720,국제약품,10000,-150,-1.48,10000,10500,9960,1227927,12557541970,184005200000,18400520
083420,그린케미칼,3325,-35,-1.04,3380,3380,3300,58288,193334010,79800000000,24000000
014530,극동유화,3085,-25,-0.8,3110,3145,3085,90012,278906075,107572160700,34869420
014280,금강공업,3600,-20,-0.55,3680,3680,3550,59282,212180245,94174390800,26159553
014285,금강공업우,12000,-300,-2.44,12750,12750,11800,31280,380197650,7078500000,589875
008870,금비,57300,300,0.53,57400,57400,57000,469,26811900,57300000000,1000000
001570,금양,4390,105,2.45,4295,4495,4290,824062,3632238370,193371312650,44048135
002990,금호산업,6820,10,0.15,6750,6930,6750,183200,1251904230,249843361680,36633924
002995,금호산업우,38000,-1250,-3.18,38500,40750,37950,47294,1852554150,11106108000,292266
011780,금호석유,84600,2100,2.55,82500,84600,82100,199238,16668748300,2577566658600,30467691
011785,금호석유우,32500,250,0.78,32250,32550,32050,12332,397394550,98263295000,3023486
214330,금호에이치티,2240,-25,-1.1,2260,2305,2195,1236235,2784526075,64289675520,28700748
001210,금호전기,3530,-25,-0.7,3550,3595,3440,42011,146934275,42295824600,11981820
073240,금호타이어,2890,-110,-3.67,2970,2975,2840,1359700,3947228735,830182229430,287260287
092440,기신정기,3105,-25,-0.8,3130,3145,3090,13498,41901290,90666000000,29200000
000270,기아차,40400,-300,-0.74,40500,41000,39700,1812196,72962159150,16376679218800,405363347
024110,기업은행,8110,-130,-1.58,8240,8250,8110,2051856,16741111760,5486184465140,676471574
013700,까뮤이앤씨,1295,0,0,1300,1345,1280,1414229,1850721650,58472202600,45152280
004540,깨끗한나라,3995,-5,-0.13,4000,4065,3965,373194,1496503175,148776568535,37240693
004545,깨끗한나라우,28550,350,1.24,27800,30400,27000,90707,2593724950,10453868000,366160
001260,남광토건,10450,-200,-1.88,10700,10700,10450,34980,369189400,102708984950,9828611
008350,남선알미늄,5560,-130,-2.28,5670,5690,5550,2910291,16303772210,612595740400,110179090
008355,남선알미우,77900,-2200,-2.75,80800,81000,77600,17554,1387294000,23984631000,307890
004270,남성,2805,-25,-0.88,2855,2855,2800,194288,545969760,101575108800,36212160
003920,남양유업,304000,-9000,-2.88,320000,325000,303000,12576,3913482000,218880000000,720000
003925,남양유업우,188000,-19000,-9.18,201500,212000,185500,26139,5089968000,31332456000,166662
002070,남영비비안,991,-29,-2.84,1010,1020,983,5765239,5763726938,68061334950,68679450
025860,남해화학,7720,-60,-0.77,7760,7830,7690,140204,1084914060,383520667960,49678843
005720,넥센,4025,45,1.13,4000,4025,3905,231449,916472435,215514507425,53543977
005725,넥센우,3025,-70,-2.26,3095,3095,3025,20511,62755740,10891815000,3600600
002350,넥센타이어,5220,10,0.19,5210,5290,5170,173502,901625350,509826317940,97667877
002355,넥센타이어1우B,2300,0,0,2300,2310,2295,13032,29964695,14950000000,6500000
003580,넥스트사이언스,5080,80,1.6,5000,5100,4940,179491,903852950,162625745360,32012942
251270,넷마블,128000,2500,1.99,123000,128500,122500,384485,48400707500,10982514816000,85800897
090350,노루페인트,7350,-50,-0.68,7400,7440,7300,60929,446709270,147000000000,20000000
090355,노루페인트우,13800,-50,-0.36,13850,14100,13750,6473,89890550,6391138800,463126
000320,노루홀딩스,9290,-30,-0.32,9230,9390,9170,4323,39937260,123474792790,13291151
000325,노루홀딩스우,18900,150,0.8,18550,18950,18550,330,6178550,3501225000,185250
006280,녹십자,227000,-2500,-1.09,229500,234000,227000,205342,47033361500,2652844126000,11686538
005250,녹십자홀딩스,26450,-400,-1.49,26800,27050,26450,161387,4312994400,1243896154500,47028210
005257,녹십자홀딩스2우,101000,-6000,-5.61,113000,113000,99000,62999,6595986300,85444990000,845990
004370,농심,369000,9000,2.5,362000,369500,359000,39033,14199655500,2244494898000,6082642
072710,농심홀딩스,80500,600,0.75,80600,81100,79300,1767,140822000,373342095000,4637790
058730,다스코,4760,-110,-2.26,4870,4900,4750,51588,246976245,73304000000,15400000
023590,다우기술,20750,-250,-1.19,21100,22200,20700,816123,17644176750,930982302750,44866617
019680,대교,4015,-5,-0.12,4020,4040,3995,70241,282118775,340081942750,84702850
019685,대교우B,2620,-20,-0.76,2635,2635,2590,61350,160067940,50898713800,19426990
006370,대구백화점,5410,380,7.55,5030,6470,4990,329750,1955452625,58544915510,10821611
008060,대덕,6850,-80,-1.15,6940,7080,6820,748008,5202941220,195841821950,28590047
00806K,대덕1우,6840,-170,-2.43,6930,7130,6760,67680,465093400,8292521880,1212357
353200,대덕전자,14000,200,1.45,14000,14450,13550,3647939,51216761650,691836950000,49416925
35320K,대덕전자1우,8150,-20,-0.24,8210,8650,7900,415338,3429112750,17078479850,2095519
000490,대동공업,7710,100,1.31,7570,7710,7340,908107,6877256070,182944499100,23728210
008110,대동전자,4090,-45,-1.09,4130,4170,4070,9938,40825855,42905928230,10490447
005750,대림B&Co,5110,-90,-1.73,5230,5230,5080,38492,196868150,85195146400,16672240
001880,대림건설,27400,-1100,-3.86,28900,28900,27350,120763,3366758500,604259981600,22053284
000210,대림산업,83700,0,0,85100,87500,83400,437698,37069867200,2912760000000,34800000
000215,대림산업우,38700,0,0,39150,39350,38550,8805,343066950,147060000000,3800000
004440,대림씨엔에스,6800,-200,-2.86,7100,7100,6750,53099,363575930,86577239600,12731947
006570,대림통상,4390,120,2.81,4295,4420,4255,3881,16801635,66837750000,15225000
001680,대상,25500,350,1.39,25150,25800,25000,191349,4840743450,883524637500,34648025
001685,대상우,14600,300,2.1,14300,14700,14300,23885,347055350,20005255800,1370223
084690,대상홀딩스,8390,-10,-0.12,8340,8460,8270,96273,802783520,303823193820,36212538
084695,대상홀딩스우,6920,80,1.17,6810,6940,6750,3584,24545360,6321295440,913482
128820,대성산업,3290,-30,-0.9,3290,3320,3240,73526,239951650,148824722620,45235478
117580,대성에너지,4920,0,0,4900,4935,4885,12230,59920195,135300000000,27500000
016710,대성홀딩스,14600,100,0.69,14550,14600,14350,47252,685493550,234906101400,16089459
003540,대신증권,10350,50,0.49,10200,10350,10150,110127,1127904200,525504690000,50773400
003547,대신증권2우B,9020,-90,-0.99,9110,9120,8990,31693,285975330,90200000000,10000000
003545,대신증권우,9290,-50,-0.54,9340,9340,9250,82027,760805010,241540000000,26000000
009190,대양금속,4055,-95,-2.29,4150,4160,4035,1191225,4857813610,119889882645,29565939
014160,대영포장,1060,-20,-1.85,1085,1085,1060,783555,836331410,114898221940,108394549
047040,대우건설,3490,-55,-1.55,3540,3595,3480,2200962,7727204155,1450523006620,415622638
009320,대우부품,2365,-15,-0.63,2380,2395,2360,342379,812602720,112683676875,47646375
042660,대우조선해양,23650,350,1.5,23150,23850,23150,257185,6079561450,2535416034800,107205752
003090,대웅,25600,-1100,-4.12,26300,26900,25500,519307,13561895050,1488434688000,58141980
069620,대웅제약,110000,-2000,-1.79,109000,111000,108000,132930,14555562000,1274523250000,11586575
000430,대원강업,3070,-40,-1.29,3115,3195,3065,67319,210049335,190340000000,62000000
006340,대원전선,1030,-30,-2.83,1065,1070,1030,428175,448004780,70150386130,68107171
006345,대원전선우,3710,-160,-4.13,3860,3875,3690,92945,349304780,9724652000,2621200
003220,대원제약,21200,-200,-0.93,21300,22950,21200,2098545,46110427500,429164383600,20243603
024890,대원화성,1790,0,0,1790,1790,1735,170914,299573890,73835982080,41249152
002880,대유에이텍,672,1,0.15,671,683,670,117463,79438866,71847543264,106915987
000300,대유플러스,631,-9,-1.41,638,643,630,284643,181142860,71456899007,113243897
012800,대창,1185,-15,-1.25,1195,1205,1175,1478660,1759718320,108001491315,91140499
015230,대창단조,26450,-50,-0.19,26450,26450,25900,8666,226537900,75573548350,2857223
001070,대한방직,33200,-200,-0.6,35950,35950,33100,15050,502948750,175960000000,5300000
006650,대한유화,116500,500,0.43,115500,117000,113000,68656,7873463000,757250000000,6500000
001440,대한전선,801,-101,-11.2,900,901,797,69066380,53401743714,686034880209,856473009
084010,대한제강,6440,-50,-0.77,6490,6500,6400,31588,203026680,158724966960,24646734
001790,대한제당,20000,-200,-0.99,20300,20300,20000,26516,534458350,179393160000,8969658
001795,대한제당우,14600,-50,-0.34,14300,14650,14250,2931,42580250,9464829600,648276
001130,대한제분,165500,500,0.3,165000,167500,163500,11030,1822066000,279695000000,1690000
003490,대한항공,17400,0,0,17400,17500,17100,1733960,30061040700,3031249006200,174209713
003495,대한항공우,19000,-100,-0.52,19200,19200,18500,37609,710478100,21105086000,1110794
005880,대한해운,16250,250,1.56,16250,16650,16050,160563,2615939650,396940521250,24427109
003830,대한화섬,86500,-3200,-3.57,88400,89700,85100,1080,93509300,114872000000,1328000
016090,대현,1790,15,0.85,1785,1790,1750,116486,206999875,79265334900,44282310
069460,대호에이엘,2265,-15,-0.66,2260,2300,2255,135357,306560995,61460410335,27134839
192080,더블유게임즈,76000,1300,1.74,74800,76000,73600,169057,12652977300,1396462152000,18374502
012510,더존비즈온,104500,-500,-0.48,106000,110000,104000,152062,16286403000,3100797150000,29672700
004830,덕성,4615,-55,-1.18,4675,4725,4590,218134,1008935730,72363200000,15680000
004835,덕성우,10500,-400,-3.67,10900,10900,10500,32922,350563750,14616000000,1392000
024900,덕양산업,1630,120,7.95,1520,1630,1520,1013034,1596221040,53080917400,32564980
145720,덴티움,41000,-1450,-3.42,42450,42450,40800,73903,3059077700,453822030000,11068830
002150,도화엔지니어링,7910,-20,-0.25,7930,7980,7900,41131,325928290,266725200000,33720000
001230,동국제강,6080,160,2.7,5880,6120,5730,808761,4801199050,580231040960,95432737
023450,동남합성,32000,-100,-0.31,31700,32000,31700,1179,37566300,115520000000,3610000
004140,동방,1905,0,0,1895,1945,1895,392905,755306820,63751945140,33465588
007590,동방아그로,6470,0,0,6470,6540,6420,12128,78525250,88105723190,13617577
005960,동부건설,11200,-450,-3.86,11600,11650,11200,62605,712451050,245024920000,21877225
005965,동부건설우,32750,-100,-0.3,32900,32900,31500,2431,79103100,7392723000,225732
026960,동서,21600,550,2.61,21050,21750,21050,137173,2953572400,2153520000000,99700000
002210,동성제약,13050,350,2.76,12750,13400,12750,743465,9719158900,340223261400,26070748
102260,동성코퍼레이션,3935,25,0.64,3895,3935,3865,30456,118866570,173112502220,43993012
005190,동성화학,16150,200,1.25,16000,16150,15900,5651,90497500,86169358600,5335564
000640,동아쏘시오홀딩스,99600,-200,-0.2,99800,101000,99100,8475,844226700,611374381200,6138297
170900,동아에스티,92700,800,0.87,92800,92800,91300,21085,1940897300,782746563600,8443868
028100,동아지질,16100,-250,-1.53,16400,16550,16000,158476,2579611450,185150000000,11500000
282690,동아타이어,10600,-200,-1.85,10850,10850,10600,1862,19873700,145569959000,13733015
001520,동양,1195,-5,-0.42,1200,1210,1185,701683,840637060,285227455285,238684063
001527,동양2우B,15050,-1450,-8.79,16000,16000,15050,12851,199048850,4643963450,308569
001529,동양3우B,28950,0,0,29900,29900,28950,1818,52712900,2597451900,89722
084670,동양고속,26700,0,0,26550,26700,26500,3035,80741000,77311692300,2895569
002900,동양물산,1225,115,10.36,1120,1255,1115,27007466,31900393200,154355647250,126004610
082640,동양생명,2990,-40,-1.32,3050,3050,2975,167878,502649760,482462169150,161358585
001525,동양우,6960,-40,-0.57,7000,7000,6770,7616,52200730,4299407760,617731
008970,동양철관,1035,0,0,1030,1040,1020,776141,798100270,123046275150,118885290
092780,동양피스톤,5140,-80,-1.53,5190,5200,5040,168345,857098650,67685884400,13168460
049770,동원F&B,181500,500,0.28,181000,183500,180000,4611,836292500,700431006000,3859124
018500,동원금속,677,-1,-0.15,678,683,663,254222,170936145,31653089641,46754933
006040,동원산업,188000,-1000,-0.53,189000,190000,185500,4204,788344000,691396508000,3677641
030720,동원수산,9280,-80,-0.85,9350,9400,9200,48617,451044070,43187310400,4653805
014820,동원시스템즈,21150,100,0.48,20950,22200,20900,39653,844270500,541831507650,25618511
014825,동원시스템즈우,30300,-100,-0.33,30400,30650,29550,423,12706250,8040347400,265358
163560,동일고무벨트,8000,-30,-0.37,8040,8070,7980,27656,221568790,109200000000,13650000
004890,동일산업,69100,-100,-0.14,69200,69700,69000,3708,256064200,167582356500,2425215
002690,동일제강,1880,-35,-1.83,1905,1905,1880,20412,38641595,28200000000,15000000
000020,동화약품,24400,1100,4.72,23450,24850,22950,2271790,54977253600,681527868000,27931470
000150,두산,47500,-1000,-2.06,48050,49350,46800,196878,9445086250,784882162500,16523835
000157,두산2우B,80500,-2100,-2.54,81600,82300,78000,4837,388016800,71889559000,893038
241560,두산밥캣,26950,-1100,-3.92,28000,28100,26850,510595,13841860100,2701715023700,100249166
336370,두산솔루스,37700,-800,-2.08,39000,39150,37550,537915,20663320200,1153233876600,30589758
33637K,두산솔루스1우,18050,-250,-1.37,18400,18700,18050,37480,684551650,132963520000,7366400
33637L,두산솔루스2우B,37700,700,1.89,37950,38700,36750,11405,427966200,62056085000,1646050
000155,두산우,38600,-650,-1.66,39250,39250,38250,18512,716694200,154263433200,3996462
042670,두산인프라코어,7110,-90,-1.25,7220,7240,7010,4743639,33609993970,1488477390840,209349844
034020,두산중공업,10500,-350,-3.23,11100,11150,10300,5361710,57068173900,2657978169000,253140778
336260,두산퓨얼셀,45700,250,0.55,44800,45850,44100,945292,42485033000,2536063278200,55493726
33626K,두산퓨얼셀1우,13550,-50,-0.37,13200,13750,13200,169888,2277976850,181084910000,13364200
33626L,두산퓨얼셀2우B,22500,-50,-0.22,22050,22750,22050,29107,651300400,67191750000,2986300
016740,두올,3705,75,2.07,3660,3785,3585,476167,1747415310,100282049400,27066680
192650,드림텍,15500,3550,29.71,12100,15500,11900,23607520,331569046550,962162624000,62075008
024090,디씨엠,10900,0,0,10900,11050,10850,4959,54354450,127530000000,11700000
003160,디아이,4235,-75,-1.74,4310,4340,4230,140528,600546310,133388884475,31496785
092200,디아이씨,1710,-90,-5,1815,1880,1675,1047162,1830130140,66499452990,38888569
013570,디와이,4065,-35,-0.85,4100,4100,4030,82854,336450290,106989308145,26319633
210540,디와이파워,11250,150,1.35,11100,11400,11000,84708,948330250,124219215000,11041708
007340,디티알오토모티브,24150,0,0,24350,24350,23600,6469,154608400,241355220750,9994005
026890,디피씨,17200,50,0.29,16650,17400,16650,4196250,71859178800,716864610000,41678175
115390,락앤락,11100,350,3.26,10700,11250,10650,98215,1067997300,601471260000,54186600
032350,롯데관광개발,16450,-50,-0.3,16400,16700,16350,280626,4634927550,1139584639900,69275662
330590,롯데리츠,5180,10,0.19,5170,5210,5150,142368,736190580,890798819120,171968884
000400,롯데손해보험,1705,-15,-0.87,1720,1735,1695,249203,424853575,529123425600,310336320
023530,롯데쇼핑,77900,-1000,-1.27,78900,79400,77800,90860,7095533600,2203694014500,28288755
004000,롯데정밀화학,43750,200,0.46,43700,43850,43000,83555,3632599400,1128750000000,25800000
286940,롯데정보통신,33350,-950,-2.77,34300,34500,33300,72662,2438886150,513467638850,15396331
280360,롯데제과,110000,1500,1.38,108000,111000,108000,12843,1409320000,705838870000,6416717
004990,롯데지주,31000,100,0.32,30900,31200,30800,130394,4034621950,3252186347000,104909237
00499K,롯데지주우,68900,400,0.58,67900,69400,67900,11423,781278600,68047224700,987623
005300,롯데칠성,101000,500,0.5,100500,101500,100000,10226,1029457500,807339460000,7993460
005305,롯데칠성우,61500,-1900,-3,63500,64200,61500,8744,545039300,47681565000,775310
011170,롯데케미칼,168500,-1500,-0.88,170000,172000,168000,133395,22617674000,5775408101500,34275419
002270,롯데푸드,329500,-1500,-0.45,329000,333000,328500,1558,512992000,372951165000,1131870
071840,롯데하이마트,30500,-100,-0.33,30850,30850,30200,64833,1979009350,720035216000,23607712
027740,마니커,778,-3,-0.38,782,782,770,1540232,1191095057,123291678132,158472594
204320,만도,27550,350,1.29,27200,28250,26800,2304027,63569217400,1293668656000,46957120
001080,만호제강,15250,-250,-1.61,15500,15850,15200,8133,125251350,63287500000,4150000
088980,맥쿼리인프라,11300,0,0,11300,11350,11200,850461,9584525750,3944200996800,349044336
094800,맵스리얼티1,3995,-5,-0.13,4020,4020,3970,142057,566890150,370873152345,92834331
138040,메리츠금융지주,8500,-70,-0.82,8580,8610,8500,158879,1355061430,1139095999000,134011294
008560,메리츠증권,3080,-45,-1.44,3125,3140,3080,2296211,7109066475,2081962119160,675961727
000060,메리츠화재,12400,-200,-1.59,12650,12650,12300,239948,2975140800,1409632000000,113680000
090370,메타랩스,1240,-20,-1.59,1255,1280,1220,291920,365783960,78975521880,63689937
017180,명문제약,5880,0,0,5800,5950,5760,1238327,7284154770,196025640720,33337694
012690,모나리자,5840,-40,-0.68,5860,5930,5840,361980,2125106080,213576129200,36571255
005360,모나미,9690,150,1.57,9490,9880,9300,12991157,125172843690,183114904830,18897307
204210,모두투어리츠,2975,185,6.63,2790,3620,2760,201201,631600150,23284774625,7826815
009680,모토닉,7450,-30,-0.4,7480,7500,7400,18634,138673710,245850000000,33000000
009580,무림P&P,2980,-5,-0.17,2970,3000,2965,72515,215726110,185857605520,62368324
009200,무림페이퍼,2070,-20,-0.96,2070,2110,2065,39346,81940665,86131271700,41609310
033920,무학,5400,-120,-2.17,5650,5650,5400,37121,204483560,153900000000,28500000
008420,문배철강,2710,-80,-2.87,2790,2815,2700,496598,1364177075,55564498550,20503505
025560,미래산업,3265,-15,-0.46,3285,3300,3255,107418,350816080,55062161520,16864368
007120,미래아이앤지,377,-5,-1.31,382,382,377,276398,104385564,48815523796,129484148
006800,미래에셋대우,7890,430,5.76,7630,8040,7580,6002025,47008729900,5091546459120,645316408
00680K,미래에셋대우2우B,4280,115,2.76,4200,4330,4195,1501235,6421558030,599200000000,140000000
006805,미래에셋대우우,4830,40,0.84,4890,4890,4750,74162,359662900,67985872500,14075750
085620,미래에셋생명,3200,-60,-1.84,3260,3325,3200,131730,429419635,566451804800,177016189
002840,미원상사,81800,700,0.86,81300,82300,81300,1788,146555500,406546000000,4970000
268280,미원에스씨,80300,200,0.25,81500,81500,80200,838,67549000,409530000000,5100000
107590,미원홀딩스,47550,500,1.06,46950,47600,46950,3433,162965900,110316000000,2320000
134380,미원화학,51800,-200,-0.38,52000,52000,51700,612,31659500,113922082400,2199268
003650,미창석유,57900,-100,-0.17,58600,58600,57500,872,50330500,100727008800,1739672
155900,바다로19호,2620,5,0.19,2615,2620,2615,5305,13893550,39824010480,15200004
003610,방림,1725,-15,-0.86,1735,1735,1695,109171,186368575,72991805250,42314090
001340,백광산업,3710,-5,-0.13,3750,3885,3710,4415104,16806196560,166647289970,44918407
035150,백산,5110,30,0.59,5080,5120,5050,86051,437797430,123662000000,24200000
002410,범양건영,6450,0,0,6390,6700,6380,2268890,14779800950,160166283900,24831982
096300,베트남개발1,288,2,0.7,289,289,286,155410,44529675,39651900768,137680211
007210,벽산,1780,-5,-0.28,1785,1800,1770,213291,379374190,122036800000,68560000
002760,보락,1905,-85,-4.27,2000,2080,1905,5625961,11241630970,114109500000,59900000
003850,보령제약,16450,150,0.92,16350,16900,16300,556319,9233383950,783349000000,47620000
000890,보해양조,886,-5,-0.56,898,898,883,975873,867249073,112920144478,127449373
003000,부광약품,37000,-150,-0.4,37150,38200,37000,1924321,72086299700,2399005186000,64837978
001270,부국증권,19000,-150,-0.78,19250,19300,18950,2459,47061850,197027834000,10369886
001275,부국증권우,18100,-50,-0.28,18150,18200,18050,1863,33690950,54300000000,3000000
026940,부국철강,6030,-290,-4.59,6260,6300,6030,865696,5332724420,120600000000,20000000
015350,부산가스,36450,0,0,36750,36750,36050,3519,128218750,400950000000,11000000
011390,부산산업,130000,-1500,-1.14,130500,132000,130000,9251,1209485500,137280000000,1056000
005030,부산주공,334,0,0,334,346,333,85297,28570878,14160799736,42397604
100220,비상교육,6970,-20,-0.29,7000,7040,6930,41224,287281850,90587284770,12996741
030790,비케이탑스,5920,-70,-1.17,5920,6180,5900,111216,667489340,70430086080,11896974
101140,비티원,3940,-20,-0.51,3960,4055,3895,282298,1117309900,162503188160,41244464
005180,빙그레,60900,-400,-0.65,61300,61800,60800,23461,1432401700,599940576900,9851241
003960,사조대림,14250,-250,-1.72,14350,14500,14200,25419,363388300,130593654750,9164467
008040,사조동아원,857,-19,-2.17,880,880,854,503878,435025071,120960922200,141144600
007160,사조산업,33500,-1050,-3.04,34500,34500,33100,54003,1814612200,167500000000,5000000
014710,사조씨푸드,3880,-50,-1.27,3935,3935,3880,51223,199945815,66807946840,17218543
006090,사조오양,8310,-20,-0.24,8330,8390,8270,23729,197127100,78302961090,9422739
005090,삼광글라스,28850,200,0.7,28350,28850,28150,5521,156730650,140049959300,4854418
001470,삼부토건,755,39,5.45,713,761,713,2202217,1643142399,103847507840,137546368
006400,삼성SDI,397500,14000,3.65,385000,403000,383500,951940,377090387500,27333900675000,68764530
006405,삼성SDI우,232500,3500,1.53,229000,237000,227500,30650,7133576000,376160820000,1617896
006660,삼성공조,6300,-270,-4.11,6590,6600,6270,11310,72247450,51195778200,8126314
028260,삼성물산,106000,-2000,-1.85,108500,109000,106000,427425,45589499500,19810030586000,186887081
02826K,삼성물산우B,88800,-1000,-1.11,89800,90100,88000,9329,826843400,144515340000,1627425
207940,삼성바이오로직스,733000,-3000,-0.41,736000,745000,733000,95025,70043488000,48498945000000,66165000
032830,삼성생명,47550,-550,-1.14,48300,48600,47300,504893,24006143300,9510000000000,200000000
018260,삼성에스디에스,166500,-3000,-1.77,170000,171000,166500,216569,36355185000,12883403700000,77377800
028050,삼성엔지니어링,11900,-100,-0.83,12000,12200,11900,1032238,12415565600,2332400000000,196000000
009150,삼성전기,140500,-4000,-2.77,145000,146000,140500,588748,83689703500,10494464288000,74693696
009155,삼성전기우,63000,-700,-1.1,63900,64000,62400,30325,1908150900,183139992000,2906984
005930,삼성전자,57900,-1100,-1.86,59500,59600,57700,21943345,1282932055676,345650409645000,5969782550
005935,삼성전자우,49500,-1100,-2.17,50700,50800,49500,2148985,107243033314,40732891650000,822886700
001360,삼성제약,4250,-40,-0.93,4260,4460,4250,3528958,15352366940,261586280250,61549713
010140,삼성중공업,5720,50,0.88,5720,5920,5690,8446038,49038252690,3603600000000,630000000
010145,삼성중공우,503000,8000,1.62,500000,575000,487000,68689,36577721000,57767035000,114845
016360,삼성증권,28950,-350,-1.19,29400,29450,28950,344497,10022338400,2585235000000,89300000
068290,삼성출판사,22350,-150,-0.67,22800,23250,22300,363170,8271238000,223500000000,10000000
029780,삼성카드,28300,-550,-1.91,28650,28900,28200,165178,4700191850,3278806615300,115858891
000810,삼성화재,171500,-4000,-2.28,175000,175500,170500,197887,34064809500,8124784545500,47374837
000815,삼성화재우,122500,-1500,-1.21,124000,124000,122000,19952,2444198000,391020000000,3192000
006110,삼아알미늄,5330,-110,-2.02,5440,5440,5290,84048,448939860,58630000000,11000000
145990,삼양사,63700,-2600,-3.92,65700,66700,62500,105643,6740772900,656966701300,10313449
145995,삼양사우,57000,-3900,-6.4,60100,61000,57000,34661,2013762000,21093990000,370070
003230,삼양식품,119000,-1000,-0.83,119000,121000,116500,73370,8645088000,896428785000,7533015
002170,삼양통상,56400,-1500,-2.59,57900,58100,56100,4465,253021700,169200000000,3000000
272550,삼양패키징,18300,-150,-0.81,18250,18500,18150,21342,390834100,260039413200,14209804
000070,삼양홀딩스,71300,-1700,-2.33,73000,73800,70000,32946,2347155100,610632522300,8564271
000075,삼양홀딩스우,51900,-2200,-4.07,54100,55100,51900,5717,301627600,15780610200,304058
002810,삼영무역,12950,150,1.17,12800,13050,12750,20091,258180400,239146976600,18466948
005680,삼영전자,7820,-230,-2.86,8080,8140,7780,57181,451377070,156400000000,20000000
003720,삼영화학,1685,-15,-0.88,1695,1700,1650,247375,412976105,57290000000,34000000
023000,삼원강재,2145,110,5.41,2035,2345,2035,631196,1379371940,85800000000,40000000
004380,삼익THK,10650,-50,-0.47,10850,10900,10600,55015,589795400,223650000000,21000000
002450,삼익악기,1460,10,0.69,1450,1465,1440,183745,266760350,132175135900,90530915
000520,삼일제약,19050,-350,-1.8,19400,19600,18950,50274,967367250,123825000000,6500000
009770,삼정펄프,26300,-1500,-5.4,27700,27700,26300,2273,60468150,65749237300,2499971
005500,삼진제약,28600,-400,-1.38,28800,29200,28600,71522,2065097050,397540000000,13900000
004690,삼천리,77600,700,0.91,76900,77800,76300,3676,283846200,314669940000,4055025
010960,삼호개발,4320,-45,-1.03,4370,4400,4300,74150,321032170,108000000000,25000000
004450,삼화왕관,41200,-700,-1.67,42800,42800,41100,2523,104515550,88760414800,2154379
009470,삼화전기,19300,250,1.31,19100,19550,18950,123162,2379918550,127646726000,6613820
011230,삼화전자,3130,30,0.97,3150,3195,3100,148268,466202160,32733352200,10457940
001820,삼화콘덴서,60600,-800,-1.3,61000,61400,59700,298316,18048605500,629937000000,10395000
000390,삼화페인트,4985,25,0.5,4945,5030,4945,22904,114413205,131797173735,26438751
001290,상상인증권,1020,-20,-1.92,1030,1040,1010,73680,75183455,98030605740,96108437
041650,상신브레이크,2440,0,0,2435,2450,2415,28068,68339570,52390338000,21471450
075180,새론오토모티브,4170,120,2.96,4050,4190,4030,23246,95583055,80064000000,19200000
007540,샘표,57900,-800,-1.36,58600,59100,57600,41397,2407477700,166508820000,2875800
248170,샘표식품,46750,-350,-0.74,46950,46950,46250,25692,1196632200,213567370500,4568286
007860,서연,6670,-200,-2.91,6870,6890,6670,446598,3010995850,156610559480,23479844
200880,서연이화,3590,-60,-1.64,3695,3695,3575,83078,299977510,97032088830,27028437
017390,서울가스,66800,-400,-0.6,66600,67000,66300,308,20505800,334000000000,5000000
004410,서울식품,159,2,1.27,158,163,156,18836413,3006716601,53648190000,337410000
004415,서울식품우,5360,665,14.16,5000,6000,4780,2635734,14560378050,11923320000,2224500
021050,서원,3655,-155,-4.07,3780,3840,3655,1043641,3883427795,173519626450,47474590
008490,서흥,58700,300,0.51,58100,59100,57700,42070,2463687300,679106933100,11569113
007610,선도전기,2570,-40,-1.53,2590,2630,2570,37286,96524860,46260000000,18000000
136490,선진,9880,-100,-1,10050,10050,9770,65212,644089060,234942487520,23779604
002820,선창산업,3520,-10,-0.28,3485,3590,3460,26998,94772840,44380121280,12607989
014910,성문전자,1570,0,0,1570,1615,1560,123723,196093585,30594365490,19486857
014915,성문전자우,11250,150,1.35,11300,11300,11000,8025,89292550,6750000000,600000
003080,성보화학,4415,-20,-0.45,4450,4460,4410,14631,64756000,88388300000,20020000
004980,성신양회,7900,130,1.67,7860,8110,7710,884874,7016824550,193676976700,24516073
004985,성신양회우,22400,1700,8.21,21500,24100,20150,483739,10745549000,16478448000,735645
011300,성안,410,4,0.99,406,413,403,96776,39411859,23311722600,56857860
000180,성창기업지주,1770,-25,-1.39,1785,1795,1750,306124,542000210,123460332000,69751600
002420,세기상사,62100,-100,-0.16,62500,64500,61800,1685,106117300,25311463200,407592
004360,세방,9950,-150,-1.49,10100,10150,9940,51484,515433100,192121465500,19308690
004365,세방우,6160,0,0,6190,6190,6060,1347,8234290,22725780000,3689250
004490,세방전지,29700,50,0.17,29700,30000,29350,34780,1033663500,415800000000,14000000
001430,세아베스틸,10950,50,0.46,10950,11050,10800,118411,1291438200,392690203050,35862119
306200,세아제강,62900,6900,12.32,56000,64900,55000,89504,5509444100,178403270000,2836300
003030,세아제강지주,40100,1100,2.82,38900,40550,38600,14039,556967200,166080445700,4141657
019440,세아특수강,10400,-50,-0.48,10450,10600,10300,8527,88818500,89128000000,8570000
058650,세아홀딩스,73800,300,0.41,73000,74300,73000,155,11489000,295200000000,4000000
013000,세우글로벌,1870,-40,-2.09,1920,1950,1870,615723,1168239010,53678407970,28705031
091090,세원셀론텍,2705,-55,-1.99,2765,2780,2695,364268,991483065,167463414905,61908841
021820,세원정공,8090,0,0,0,0,0,0,0,80900000000,10000000
067830,세이브존I&C,2210,5,0.23,2205,2215,2185,22744,50006385,90700377950,41040895
033530,세종공업,5870,-40,-0.68,5940,6030,5800,995876,5885362790,136739478100,23294630
075580,세진중공업,6960,700,11.18,6190,7080,6110,2639854,17560681080,267074131200,38372720
027970,세하,1545,-35,-2.22,1580,1585,1520,143764,223079865,45674830365,29562997
145210,세화아이엠씨,1130,-60,-5.04,1165,1185,1115,1155576,1319855295,91637049420,81094734
308170,센트랄모텍,27850,-450,-1.59,28100,28250,27600,112612,3126074700,239788500000,8610000
068270,셀트리온,296500,-3500,-1.17,300000,306000,296000,823746,246332218500,40009527652500,134939385
004430,송원산업,12950,-200,-1.52,13200,13350,12850,247796,3233468600,310800000000,24000000
017550,수산중공업,1670,-35,-2.05,1710,1715,1655,654280,1097692585,90155222210,53985163
053210,스카이라이프,8430,120,1.44,8250,8460,8250,127251,1065990260,403139173380,47821966
134790,시디즈,50100,450,0.91,50500,50500,49700,2687,134216350,100200000000,2000000
016590,신대양제지,55500,-500,-0.89,56200,56300,55400,11758,655211500,223652901000,4029782
029530,신도리코,23200,100,0.43,23100,23650,23050,15235,352750400,233856672800,10080029
004970,신라교역,9970,-30,-0.3,9930,10050,9910,3576,35531540,159520000000,16000000
011930,신성이엔지,1375,-15,-1.08,1390,1395,1365,2090725,2876615300,253722359000,184525352
005390,신성통상,2360,160,7.27,2165,2430,2160,33212063,76419064865,339151800400,143708390
004170,신세계,209000,-4500,-2.11,214000,214500,209000,71503,15018341000,2057642829000,9845181
035510,신세계 I&C,123000,-1000,-0.81,122500,125500,122500,6316,781711000,211560000000,1720000
034300,신세계건설,23700,350,1.5,23850,24300,23250,134598,3202087150,94800000000,4000000
031430,신세계인터내셔날,148000,-1500,-1,149500,151000,148000,30198,4489311500,1056720000000,7140000
031440,신세계푸드,54200,0,0,53700,54200,53600,4692,252841900,209888416000,3872480
006880,신송홀딩스,3940,70,1.81,3870,4015,3845,38956,152745825,46605700520,11828858
005800,신영와코루,92600,-400,-0.43,92300,92900,90300,473,43557400,83340000000,900000
001720,신영증권,44750,-700,-1.54,45450,45450,44750,2013,90585300,420034105750,9386237
001725,신영증권우,43700,-150,-0.34,43850,44000,43700,1011,44293200,308249443100,7053763
009270,신원,1660,-10,-0.6,1670,1680,1650,574391,952589625,141170548340,85042499
009275,신원우,55100,1800,3.38,54100,56900,53000,4706,256309500,4999774000,90740
002700,신일전자,1990,-25,-1.24,2025,2035,1980,3220606,6447130345,141384566790,71047521
019170,신풍제약,69000,-17000,-19.77,87400,93800,69000,9550127,834415206500,3655964310000,52984990
019175,신풍제약우,160000,-31000,-16.23,193000,231500,160000,1195695,250293220000,352000000000,2200000
002870,신풍제지,1755,-60,-3.31,1835,1855,1750,1006722,1821193710,61352518500,34958700
293940,신한알파리츠,6510,10,0.15,6520,6540,6490,69964,455300540,340669100730,52330123
055550,신한지주,30100,-850,-2.75,30800,31100,30050,2110091,63993492450,14369644733500,477396835
001770,신화실업,20050,-50,-0.25,20250,20250,19700,4295,85398750,24358303900,1214878
004080,신흥,9080,-20,-0.22,9030,9080,8990,3317,29943480,87168000000,9600000
102280,쌍방울,799,25,3.23,790,806,781,3443656,2741267619,111348341973,139359627
003410,쌍용양회,5060,90,1.81,4985,5060,4980,1366121,6867918935,2549529550700,503859595
003415,쌍용양회우,14400,0,0,14100,14400,14000,2948,41795150,22229064000,1543685
003620,쌍용차,3685,-55,-1.47,3700,3825,3615,1611568,5990393805,552160407370,149840002
004770,써니전자,3595,-40,-1.1,3640,3690,3590,894305,3241072780,125267814545,34845011
015540,쎌마테라퓨틱스,9160,-310,-3.27,9470,9470,8800,485453,4464878840,103296431480,11276903
004920,씨아이테크,1130,0,0,1120,1130,1090,117796,131224435,27199972360,24070772
112610,씨에스윈드,79500,-1500,-1.85,80300,86000,78600,767772,62233128000,1374214342500,17285715
008700,아남전자,1705,-30,-1.73,1730,1740,1700,373215,639674800,131497818100,77124820
002790,아모레G,53300,-900,-1.66,54100,54500,53200,119041,6368718000,4395020994000,82458180
00279K,아모레G3우(전환),34200,0,0,34200,34250,33950,2981,101669800,242553240000,7092200
002795,아모레G우,24200,200,0.83,24100,24700,23500,105096,2536566650,155939234000,6443770
090430,아모레퍼시픽,166000,0,0,166500,168000,163500,251624,41619706500,9704109340000,58458490
090435,아모레퍼시픽우,61500,1200,1.99,60100,61500,60100,61710,3770605600,649306545000,10557830
002030,아세아,74600,-400,-0.53,74900,74900,73800,3361,248707600,163450390400,2191024
183190,아세아시멘트,59200,-300,-0.5,58900,59900,58500,6132,360914700,230631892800,3895809
002310,아세아제지,28750,100,0.35,28650,28950,28500,47286,1357258500,257499432500,8956502
267850,아시아나IDT,21450,50,0.23,21100,24150,20600,3637511,81730099850,238095000000,11100000
020560,아시아나항공,4080,-5,-0.12,4050,4280,3945,10259186,42319927670,910799999520,223235294
122900,아이마켓코리아,8500,10,0.12,8520,8550,8390,74586,631415170,300843390000,35393340
010780,아이에스동서,43800,-2400,-5.19,45550,45900,43400,313129,13826815550,1353096142800,30892606
033660,아주캐피탈,11450,-100,-0.87,11550,11550,11400,27336,312744650,658900440500,57545890
001780,알루코,2025,5,0.25,1995,2060,1990,230274,463030340,150911306550,74524102
018250,애경산업,22650,50,0.22,22600,22750,22400,49506,1115684500,598185027750,26409935
161000,애경유화,6810,120,1.79,6680,6840,6670,115541,783562580,218192400000,32040000
011090,에넥스,1160,0,0,1150,1200,1150,1015289,1194579100,69590303560,59991641
005850,에스엘,11400,50,0.44,11300,11500,11250,120574,1369308600,549517357800,48203277
012750,에스원,90500,-500,-0.55,91000,92000,89600,49148,4449798800,3438925609000,37999178
023960,에쓰씨엔지니어링,1215,-10,-0.82,1225,1230,1210,37056,45297085,30395153205,25016587
298690,에어부산,3720,-80,-2.11,3800,3950,3705,656072,2510702935,193700400000,52070000
140910,에이리츠,6440,-30,-0.46,6480,6490,6360,9336,59808800,24425471000,3792775
078520,에이블씨엔씨,8330,110,1.34,8270,8460,8210,130565,1084972570,225188713470,27033459
015260,에이엔피,185,1,0.54,184,186,181,598394,109725657,15315200580,82784868
007460,에이프로젠 KIC,2700,-25,-0.92,2725,2735,2690,1971836,5331661170,482430705300,178678039
003060,에이프로젠제약,1530,15,0.99,1495,1555,1495,7176844,10958160855,609820921980,398575766
036570,엔씨소프트,811000,-14000,-1.7,832000,832000,810000,101033,82552230000,17804711842000,21954022
138250,엔에스쇼핑,12600,50,0.4,12500,12700,12350,61755,773376000,424569600000,33696000
085310,엔케이,1030,-35,-3.29,1075,1075,1025,613891,638073600,82382852560,79983352
009810,엔케이물산,526,4,0.77,521,528,516,385734,201140133,43962253128,83578428
900140,엘브이엠씨홀딩스,3600,10,0.28,3580,3650,3500,140963,500288895,184033580400,51120439
014440,영보화학,4775,-55,-1.14,4800,5190,4645,2280263,11245250020,95500000000,20000000
111770,영원무역,24150,-300,-1.23,24450,24550,23900,144267,3475964500,1070121952200,44311468
009970,영원무역홀딩스,34750,750,2.21,33950,35150,33800,8383,289436150,473836822000,13635592
003520,영진약품,6530,30,0.46,6480,6900,6470,11492398,76939875640,1194289533430,182892731
000670,영풍,522000,-23000,-4.22,546000,551000,522000,2449,1321851000,961544880000,1842040
006740,영풍제지,3375,5,0.15,3420,3450,3360,38587,130877270,74925000000,22200000
012280,영화금속,2200,85,4.02,2150,2245,2105,5602461,12187108260,99992213200,45451006
012160,영흥,1205,0,0,1220,1235,1205,322462,391525650,103420943345,85826509
015360,예스코홀딩스,34100,0,0,34100,34450,34100,173,5919650,204600000000,6000000
007310,오뚜기,558000,2000,0.36,557000,562000,555000,5368,2997706000,2011722246000,3605237
002630,오리엔트바이오,749,5,0.67,744,768,740,1819573,1367884034,76247448004,101798996
271560,오리온,134000,500,0.37,133500,135500,132500,72688,9765209000,5297841688000,39536132
001800,오리온홀딩스,12450,0,0,12450,12500,12250,179962,2224880700,779935503900,62645422
070960,용평리조트,4500,-15,-0.33,4570,4595,4415,127727,574287800,216599998500,48133333
316140,우리금융지주,8500,-180,-2.07,8660,8700,8470,2645106,22590270480,6139275305500,722267683
004720,우리들제약,9330,1880,25.23,7400,9680,7380,22588383,203375178660,127879069920,13706224
118000,우리들휴브레인,3400,60,1.8,3390,3585,3275,9380149,32434461395,142777050000,41993250
010050,우리종금,584,-10,-1.68,591,595,577,1605608,941335171,393734789104,674203406
006980,우성사료,3315,50,1.53,3270,3330,3250,368291,1214400070,102433500000,30900000
017370,우신시스템,2935,0,0,2940,2960,2900,77253,226311905,53751748490,18314054
105840,우진,3755,-45,-1.18,3840,3840,3710,88426,331564565,75859388670,20202234
010400,우진아이엔에스,6900,-40,-0.58,6950,6950,6830,15447,106459380,52591800000,7622000
049800,우진플라임,3445,-50,-1.43,3495,3595,3445,15622,54922815,34450000000,10000000
016880,웅진,1105,0,0,1110,1115,1090,144751,159281780,87713054650,79378330
095720,웅진씽크빅,2560,-10,-0.39,2560,2570,2535,341542,872315435,300548075520,117401592
005820,원림,17250,50,0.29,17000,17250,16650,561,9532550,37950000000,2200000
010600,웰바이오텍,3240,-95,-2.85,3340,3365,3025,552926,1810047215,140064830640,43229886
008600,윌비스,1280,-10,-0.78,1285,1290,1270,635128,811865955,83065242880,64894721
033270,유나이티드제약,24750,-400,-1.59,25150,25500,24700,157470,3956178050,402059344500,16244822
014830,유니드,48000,3650,8.23,45000,50700,44950,259772,12464665900,426712464000,8889843
000910,유니온,9000,20,0.22,9080,9390,8800,3808723,34502173240,140504571000,15611619
047400,유니온머티리얼,5080,135,2.73,5180,5430,5060,14710213,77166251450,213360000000,42000000
011330,유니켐,1400,-10,-0.71,1425,1425,1390,315272,442047255,96194480200,68710343
077500,유니퀘스트,11400,600,5.56,10700,11650,10200,3424389,38414101800,311003115000,27280975
002920,유성기업,2485,5,0.2,2495,2500,2455,26070,64484970,64479537500,25947500
000700,유수홀딩스,5740,0,0,5750,5840,5650,15596,88784320,149480000880,26041812
003470,유안타증권,2855,-5,-0.17,2870,2885,2830,216178,617538120,569848224480,199596576
003475,유안타증권우,2180,-50,-2.24,2230,2235,2165,90894,198322290,28148622160,12912212
011690,유양디앤유,1220,0,0,0,0,0,0,0,71362925220,58494201
072130,유엔젤,3155,-40,-1.25,3195,3215,3120,63093,199030855,41631657370,13195454
000220,유유제약,15700,-250,-1.57,15850,16750,15700,432954,7038773450,99986815900,6368587
000225,유유제약1우,16600,-100,-0.6,16300,19350,15950,398171,6883764700,18815519000,1133465
000227,유유제약2우B,45000,-2300,-4.86,45300,48250,44500,34178,1569941000,7383600000,164080
001200,유진투자증권,3820,165,4.51,3700,3895,3645,1619124,6143518210,370029716760,96866418
000100,유한양행,57300,1600,2.87,55600,57500,54600,1673292,95855935800,3830895213000,66856810
000105,유한양행우,67500,2100,3.21,65000,68400,63400,150471,10215745900,79713450000,1180940
003460,유화증권,2150,0,0,2150,2160,2140,13383,28722315,121910192250,56702415
003465,유화증권우,2460,5,0.2,2550,2550,2375,2156,5268135,42992005500,17476425
008730,율촌화학,16500,-250,-1.49,16750,16800,16250,113189,1859170000,409200000000,24800000
008250,이건산업,7670,0,0,7830,7840,7610,94088,727249690,84006710450,10952635
025820,이구산업,1540,-30,-1.91,1570,1575,1530,272091,420718305,51500680000,33442000
214320,이노션,50000,-900,-1.77,51200,51500,49600,91036,4573821650,1000000000000,20000000
088260,이리츠코크렙,5320,20,0.38,5240,5390,5220,20994,111522250,336977258800,63341590
139480,이마트,114000,-1000,-0.87,114500,117000,114000,205801,23753359500,3177843366000,27875819
007660,이수페타시스,4285,-145,-3.27,4430,4435,4260,880645,3810077375,176835085430,41268398
005950,이수화학,8730,70,0.81,8650,8840,8640,79154,692567090,133376940000,15278000
015020,이스타코,764,-5,-0.65,769,770,757,96604,73721339,32738622400,42851600
093230,이아이디,257,-2,-0.77,258,258,251,6068915,1546654807,140924033294,548342542
074610,이엔플러스,5080,-130,-2.5,5180,5240,5060,748004,3848607760,199767032520,39324219
102460,이연제약,16200,450,2.86,15800,16400,15750,187551,3017941300,271674000000,16770000
084680,이월드,3885,-100,-2.51,3970,3970,3870,506439,1979819625,400698499845,103139897
334890,이지스밸류리츠,4470,10,0.22,4460,4500,4445,162266,724544780,107280000000,24000000
000760,이화산업,14300,100,0.7,14200,14300,14000,1153,16355700,40040000000,2800000
014990,인디에프,1995,-5,-0.25,2010,2015,1990,300769,601293425,117571325025,58932995
006490,인스코비,1965,-15,-0.76,1960,2015,1955,511294,1014585640,193808421600,98630240
023800,인지컨트롤스,5130,30,0.59,5150,5280,5030,202608,1039683130,77771456640,15160128
034590,인천도시가스,24200,0,0,24200,24200,24100,1900,45927100,105869046800,4374754
129260,인터지스,2660,-90,-3.27,2700,2730,2610,675785,1796047010,79129344840,29747874
023810,인팩,4650,-5,-0.11,4620,4680,4535,5646,25829040,46500000000,10000000
249420,일동제약,15950,350,2.24,15550,15950,15450,114127,1788937200,379662395750,23803285
000230,일동홀딩스,9070,-20,-0.22,9140,9370,9060,7402,67666220,104671428000,11540400
013360,일성건설,964,-6,-0.62,969,970,956,110768,106505072,52079984320,54024880
003120,일성신약,82900,-600,-0.72,83500,85200,82100,14948,1251444500,220514000000,2660000
003200,일신방직,67700,-400,-0.59,67900,68800,67200,6818,462437500,162480000000,2400000
007110,일신석재,2400,-25,-1.03,2440,2450,2400,861774,2082344145,185895864000,77456610
007570,일양약품,84000,-2900,-3.34,87400,88900,83500,810786,69595508300,1603195776000,19085664
007575,일양약품우,105000,-500,-0.47,107000,107000,100000,28054,2888797000,46733400000,445080
008500,일정실업,13100,-50,-0.38,13150,13200,12700,2118,27055550,15720000000,1200000
081000,일진다이아,55600,600,1.09,54600,56500,54500,246787,13666081900,789685410000,14202975
020760,일진디스플,3460,390,12.7,3090,3600,3055,4278775,14422023280,97967962400,28314440
020150,일진머티리얼즈,50700,-300,-0.59,51200,52500,50600,869486,44746258500,2337819334500,46110835
103590,일진전기,2850,10,0.35,2840,2870,2770,128507,365932930,105679111500,37080390
015860,일진홀딩스,4870,-40,-0.81,5000,5090,4865,362118,1797739415,240322242210,49347483
226320,잇츠한불,26100,3400,14.98,22750,27450,22750,3884256,98053568750,572355121500,21929315
317400,자이에스앤디,6830,370,5.73,6560,7110,6510,1681247,11455258050,182924611600,26782520
033240,자화전자,12350,-1200,-8.86,13550,13550,12200,738377,9406022450,221065000000,17900000
000950,전방,26000,200,0.78,25700,27000,25050,18747,488340800,43680000000,1680000
194370,제이에스코퍼레이션,7030,130,1.88,6900,7090,6880,32705,229127340,93749275030,13335601
025620,제이준코스메틱,3005,155,5.44,2850,3020,2850,1149405,3404912805,109249308215,36355843
036420,제이콘텐트리,29500,0,0,29650,29800,29250,64591,1903742800,483359594500,16385071
030000,제일기획,19200,-1000,-4.95,20100,20100,18800,1074189,20801624500,2208791520000,115041225
271980,제일약품,56000,-1300,-2.27,56500,61900,55200,1117161,65151276400,823472832000,14704872
001560,제일연마,6580,-50,-0.75,6620,6630,6520,7717,50730640,65800000000,10000000
002620,제일파마홀딩스,23350,-650,-2.71,23850,25450,23200,215508,5203704100,372977839250,15973355
006220,제주은행,3100,0,0,3100,3110,3080,9166,28356370,99599199400,32128774
089590,제주항공,15600,-250,-1.58,15850,15900,15550,81222,1269694100,411165424800,26356758
004910,조광페인트,5500,-10,-0.18,5700,5700,5460,6421,35393980,70400000000,12800000
004700,조광피혁,51400,100,0.19,51300,52700,51200,1669,86560900,341765693200,6649138
001550,조비,22900,-950,-3.98,23900,24000,22900,151374,3535779250,118902273100,5192239
000480,조선내화,73000,200,0.27,73000,73700,73000,899,65872900,292000000000,4000000
120030,조선선재,109500,500,0.46,108500,110500,108000,8653,945204000,137712784500,1257651
018470,조일알미늄,595,3,0.51,600,600,587,113775,67654469,41742555225,70155555
002600,조흥,156000,2500,1.63,155000,156500,154000,219,34109500,93600000000,600000
185750,종근당,135000,1000,0.75,134000,140500,132000,166146,22547803500,1469567475000,10885685
063160,종근당바이오,39450,50,0.13,39400,39950,39050,45843,1809802150,216421200900,5485962
001630,종근당홀딩스,123500,500,0.41,123000,125500,118500,46560,5679044500,618717833500,5009861
044380,주연테크,1200,-20,-1.64,1205,1225,1185,353092,424801635,65534506800,54612089
013890,지누스,79300,300,0.38,80000,81400,79200,53947,4310676200,1142455195700,14406749
013870,지엠비코리아,4870,-35,-0.71,4905,4940,4865,60018,293074435,92882003600,19072280
071320,지역난방공사,34150,-250,-0.73,34700,34700,34150,5537,190165100,395414107600,11578744
010580,지코,306,0,0,0,0,0,0,0,19761980616,64581636
035000,지투알,4985,-15,-0.3,5000,5020,4945,90079,449727070,82588533865,16567409
088790,진도,2550,-65,-2.49,2630,2640,2550,14463,37335225,31741747200,12447744
003780,진양산업,3550,-85,-2.34,3600,3640,3550,303580,1086350420,46150000000,13000000
010640,진양폴리,2900,-50,-1.69,2950,2950,2875,66216,192017160,29000000000,10000000
100250,진양홀딩스,2385,-20,-0.83,2400,2410,2385,72668,174049535,133310271420,55895292
051630,진양화학,3575,-90,-2.46,3610,3650,3565,112491,405623495,42900000000,12000000
272450,진에어,10000,-50,-0.5,10000,10150,10000,113933,1142717650,300000000000,30000000
011000,진원생명과학,9000,0,0,9090,9300,9000,1621582,14742810110,401569272000,44618808
002780,진흥기업,2490,-50,-1.97,2510,2550,2485,118841,298265395,362224645050,145471745
002787,진흥기업2우B,16100,50,0.31,16000,16350,15700,13675,218877000,4746408800,294808
002785,진흥기업우B,6100,130,2.18,5980,6150,5950,28736,174189460,5229029800,857218
009310,참엔지니어링,1380,-5,-0.36,1380,1385,1335,131380,178238735,76398842400,55361480
000650,천일고속,62000,-300,-0.48,61600,62500,61500,757,46803500,88611640000,1429220
012600,청호컴넷,3825,-160,-4.02,4015,4025,3710,84934,327026495,32804542575,8576351
033250,체시스,2840,-35,-1.22,2870,2905,2810,645845,1833831945,68160000000,24000000
035720,카카오,343500,11500,3.46,336000,344000,335500,1078837,368552874500,30175155273000,87846158
006380,카프로,2595,0,0,2585,2615,2580,63739,165103160,103800000000,40000000
109070,컨버즈,4100,0,0,0,0,0,0,0,14721078700,3590507
001620,케이비아이동국실업,559,1,0.18,573,573,554,30116,16826910,36917518248,66042072
029460,케이씨,23150,-150,-0.64,23500,23650,23150,159781,3726471450,313776118600,13554044
344820,케이씨씨글라스,32100,-700,-2.13,32600,32800,32000,63251,2040554900,268041741000,8350210
281820,케이씨텍,23200,-400,-1.69,23650,23950,23000,177685,4155494150,460272688000,19839340
145270,케이탑리츠,758,3,0.4,755,758,751,81163,61133933,35037888266,46224127
007815,코리아써우,6270,-830,-11.69,7090,7100,6250,57963,377453790,18588606300,2964690
007810,코리아써키트,16200,-850,-4.99,16900,16950,16050,832228,13610838950,382656166200,23620751
00781K,코리아써키트2우B,7540,-1000,-11.71,8960,9230,7510,157982,1269909000,5909090460,783699
152330,코리아오토글라스,14400,100,0.7,14250,14500,14250,48132,693114650,288000000000,20000000
003690,코리안리,7130,120,1.71,7000,7180,7000,310905,2208105550,858231797080,120369116
192820,코스맥스,92800,-1200,-1.28,94000,94500,92200,52910,4917095300,932594435200,10049509
044820,코스맥스비티아이,22050,-300,-1.34,22300,22550,21600,39196,867290500,211766458050,9603921
005070,코스모신소재,14800,400,2.78,14450,15000,14250,1654347,24433064700,432869882000,29247965
005420,코스모화학,8830,80,0.91,8790,9190,8660,1751851,15779360130,230558584750,26110825
071950,코아스,1145,5,0.44,1150,1155,1130,169703,194160515,35388755450,30907210
002020,코오롱,18800,-400,-2.08,19050,19200,18750,45249,855536200,237376808800,12626426
003070,코오롱글로벌,10500,-400,-3.67,10950,11000,10500,96950,1029425150,264709599000,25210438
003075,코오롱글로벌우,26950,-150,-0.55,27000,27500,26450,5581,148976900,8430040850,312803
144620,코오롱머티리얼,3060,30,0.99,3045,3105,2980,720065,2192830460,210095423100,68658635
002025,코오롱우,12150,-200,-1.62,12150,12150,12000,8080,97334600,13078138500,1076390
120110,코오롱인더,33700,-550,-1.61,34400,34400,33600,163127,5520239500,909186908000,26978840
120115,코오롱인더우,18750,-300,-1.57,19250,19250,18600,14904,281556550,51897375000,2767860
138490,코오롱플라스틱,4490,-125,-2.71,4590,4615,4455,471609,2131070480,170620000000,38000000
021240,코웨이,76700,-1000,-1.29,77700,78800,76100,262869,20260513000,5660430777300,73799619
031820,콤텍시스템,1240,-5,-0.4,1255,1255,1235,577962,718734195,84135817840,67851466
192400,쿠쿠홀딩스,80300,400,0.5,79700,80600,79100,8826,703860100,571128691100,7112437
284740,쿠쿠홈시스,35850,-700,-1.92,36700,36900,35450,33582,1213070250,804378280500,22437330
015590,큐로,650,-23,-3.42,674,679,640,2729775,1782318132,147687564700,227211638
264900,크라운제과,8570,40,0.47,8550,8640,8530,16466,141321180,107329394500,12523850
26490K,크라운제과우,9600,50,0.52,9550,9700,9360,35430,337568030,7426176000,773560
005740,크라운해태홀딩스,8330,-90,-1.07,8350,8600,8190,27969,233022360,123678400510,14847347
005745,크라운해태홀딩스우,12800,-100,-0.78,12900,12950,12600,11544,147171150,7689292800,600726
020120,키다리스튜디오,8670,-80,-0.91,8730,9200,8600,231851,2041516090,147036836220,16959266
039490,키움증권,96000,-1200,-1.23,97000,97700,96000,45509,4398559800,2121575040000,22099740
012170,키위미디어그룹,150,0,0,0,0,0,0,0,29592697500,197284650
014580,태경비케이,3790,10,0.26,3780,3805,3715,240725,905652025,104539949000,27583100
015890,태경산업,4905,0,0,4905,4945,4865,56995,278877015,143367018750,29228750
006890,태경케미컬,8380,-20,-0.24,8350,8650,8150,1145888,9603627680,97208000000,11600000
003240,태광산업,681000,-6000,-0.87,687000,694000,681000,1011,690061000,758225400000,1113400
011280,태림포장,3545,-95,-2.61,3735,3740,3535,439997,1581954375,251007057300,70805940
004100,태양금속,1070,5,0.47,1060,1070,1055,69707,73988320,39269000000,36700000
004105,태양금속우,3450,15,0.44,3475,3475,3390,31081,106214295,11385000000,3300000
009410,태영건설,16000,-50,-0.31,15950,16150,15650,273106,4332077650,1222400000000,76400000
009415,태영건설우,13550,-650,-4.58,14100,14400,13400,165068,2265927300,34653854000,2557480
001420,태원물산,3620,-40,-1.09,3650,3650,3570,11106,40159365,27512000000,7600000
007980,태평양물산,1765,-35,-1.94,1830,1830,1750,419083,747615790,84984021055,48149587
055490,테이팩스,25600,-100,-0.39,25400,26100,25250,38866,999874400,120771840000,4717650
078000,텔코웨어,12550,-150,-1.18,12750,12750,12450,12669,158785600,121768960300,9702706
214420,토니모리,10600,150,1.44,10650,11050,10400,307566,3300602550,186984000000,17640000
019180,티에이치엔,2575,-70,-2.65,2615,2650,2565,161259,417652855,46350000000,18000000
091810,티웨이항공,2495,110,4.61,2405,2505,2400,390941,965962015,117202155940,46974812
004870,티웨이홀딩스,1015,-10,-0.98,1020,1030,1010,136199,138278130,77831067825,76680855
005690,파미셀,22650,-100,-0.44,22550,23250,22550,3371724,77043499650,1358070217500,59958950
036580,팜스코,6220,-40,-0.64,6290,6290,6110,131910,813098300,228447805460,36727943
028670,팬오션,3515,-25,-0.71,3560,3600,3515,1952937,6907579485,1879010762605,534569207
010820,퍼스텍,2290,-50,-2.14,2330,2335,2265,754664,1728577320,110060743400,48061460
016800,퍼시스,28750,250,0.88,28500,28850,28500,3032,86602950,330625000000,11500000
001020,페이퍼코리아,1655,120,7.82,1550,1780,1515,2575848,4360774885,58200193400,35166280
090080,평화산업,1175,-15,-1.26,1190,1190,1155,159104,186012060,64510154325,54902259
010770,평화홀딩스,2990,-50,-1.64,3040,3040,2985,34850,104465105,43730143340,14625466
058430,포스코강판,13000,0,0,12850,13150,12850,41361,538568500,78000000000,6000000
047050,포스코인터내셔널,13850,-100,-0.72,13900,14050,13800,179353,2490236250,1708745813650,123375149
003670,포스코케미칼,75600,3000,4.13,73000,76400,73000,1104541,83187704600,4610709432000,60988220
007630,폴루스바이오팜,1225,0,0,0,0,0,0,0,48156675700,39311572
017810,풀무원,17750,-450,-2.47,18200,18200,17650,177399,3160430700,676114362500,38090950
103140,풍산,24250,-50,-0.21,24850,24900,24100,435979,10686133650,679588741500,28024278
005810,풍산홀딩스,26400,50,0.19,26400,26500,26250,5466,144389000,206848408800,7835167
033180,필룩스,4320,-45,-1.03,4345,4395,4320,1116010,4851879315,388986312960,90043128
086790,하나금융지주,29500,-600,-1.99,30050,30300,29500,1194365,35487125850,8857140829000,300242062
293480,하나제약,22000,-300,-1.35,22150,22300,21900,84020,1851588350,356400000000,16200000
039130,하나투어,37750,-350,-0.92,38200,38200,37650,38762,1465018450,526204233750,13939185
172580,하이골드12호,2175,0,0,2225,2230,2100,79206,169032120,28371787500,13044500
153360,하이골드3호,1345,0,0,1345,1345,1335,12077,16126560,21721467550,16149790
071090,하이스틸,16900,-150,-0.88,17000,17050,16850,6572,111404600,33799053600,1999944
019490,하이트론,3240,280,9.46,3120,3845,3055,2756362,9764579475,17919581400,5530735
000080,하이트진로,41550,0,0,41300,41950,40700,558864,23021252700,2914051537050,70133611
000087,하이트진로2우B,22300,-200,-0.89,22500,22650,21600,7483,164831000,25202077400,1130138
000140,하이트진로홀딩스,21350,-100,-0.47,21450,21500,21000,22794,483679800,495464432750,23206765
000145,하이트진로홀딩스우,19400,-250,-1.27,19850,19850,19300,4716,91670050,9133714000,470810
152550,한국ANKOR유전,1720,15,0.88,1700,1725,1680,30463,51615330,120434400000,70020000
036460,한국가스공사,25350,50,0.2,25300,25400,25100,187439,4720272200,2340134550000,92313000
005430,한국공항,33300,-200,-0.6,33400,33400,33050,6651,220409400,105439621500,3166355
071050,한국금융지주,48700,-650,-1.32,49450,49700,48600,314733,15441066500,2713855810400,55725992
071055,한국금융지주우,36150,-250,-0.69,36800,36800,35900,14423,520512550,211775773650,5858251
010040,한국내화,3405,-35,-1.02,3460,3475,3380,104681,357404885,77850666960,22863632
025540,한국단자,38900,-100,-0.26,39000,39400,38700,28358,1104685400,405143500000,10415000
004090,한국석유,96900,-100,-0.1,97400,97400,95500,2344,225347500,63488880000,655200
002200,한국수출포장,18800,50,0.27,18600,18850,18550,10304,193147150,75200000000,4000000
002960,한국쉘석유,235000,-500,-0.21,235500,238000,234500,1159,272498000,305500000000,1300000
123890,한국자산신탁,2800,-25,-0.88,2825,2830,2780,319935,893172055,347137705600,123977752
015760,한국전력,19100,-100,-0.52,19250,19500,19100,2277692,43771836800,12261513870700,641964077
006200,한국전자홀딩스,527,-6,-1.13,533,538,525,83386,44076420,24665252672,46803136
009540,한국조선해양,89200,-1800,-1.98,90700,91500,89200,304064,27369346600,6312961947200,70773116
023350,한국종합기술,3945,5,0.13,3925,3955,3910,15361,60228675,43197750000,10950000
025890,한국주강,1410,30,2.17,1375,1510,1365,148886,213909300,15946055190,11309259
000970,한국주철관,9120,-90,-0.98,9160,9260,9110,198094,1810815240,207940560000,22800500
104700,한국철강,4465,-40,-0.89,4505,4570,4450,46886,210468425,205613250000,46050000
017960,한국카본,8340,-10,-0.12,8380,8420,8280,281367,2345865550,366632713380,43960757
161890,한국콜마,46750,-800,-1.68,47600,48000,46600,233804,10992288700,1069695165000,22881180
024720,한국콜마홀딩스,29000,-1000,-3.33,30000,30150,29000,138656,4105226800,520230014000,17938966
161390,한국타이어앤테크놀로지,26050,-1850,-6.63,27200,28000,25850,1919269,51635203050,3226945547450,123875069
000240,한국테크놀로지그룹,14300,-450,-3.05,15050,17850,13700,23620370,373897483550,1330188473900,93020173
034830,한국토지신탁,1715,-5,-0.29,1720,1730,1710,256784,441297240,433019029450,252489230
007280,한국특수형강,1625,-40,-2.4,1650,1690,1545,1089507,1757360625,52574421250,32353490
168490,한국패러랠,1965,5,0.26,1960,1980,1960,13520,26588205,157239300000,80020000
010100,한국프랜지,2325,-80,-3.33,2395,2400,2315,555664,1305338200,70797226500,30450420
047810,한국항공우주,23950,-400,-1.64,24350,24450,23950,486915,11714504750,2334528812650,97475107
123690,한국화장품,14250,400,2.89,14100,14700,13950,1017316,14566429200,228969000000,16068000
003350,한국화장품제조,42150,1100,2.68,41600,43250,41600,175327,7423371950,191023800000,4532000
011500,한농화성,5100,220,4.51,4915,5590,4880,490518,2569670215,79748914200,15637042
002390,한독,35000,300,0.86,34500,36100,34500,178450,6279737950,481723655000,13763533
014790,한라,3480,-20,-0.57,3470,3530,3445,189364,659479100,135284798160,38874942
060980,한라홀딩스,29150,-100,-0.34,29300,29550,28500,55007,1593017050,305260840500,10472070
053690,한미글로벌,9230,-120,-1.28,9470,10250,9120,1252260,12281644400,101138186500,10957550
042700,한미반도체,11850,-450,-3.66,12300,12300,11100,1744861,20604687250,610292786850,51501501
008930,한미사이언스,42200,300,0.72,42300,45550,41250,2732685,118643400250,2785670487800,66011149
128940,한미약품,263500,5500,2.13,257500,267000,257500,107482,28156552000,3120638141500,11843029
009240,한샘,102000,-500,-0.49,102000,103500,99900,102907,10382008300,2400460656000,23533928
020000,한섬,30300,-400,-1.3,30950,31050,30000,99386,3006365600,746289000000,24630000
003680,한성기업,17250,500,2.99,17150,17800,16500,375660,6471565050,107114133750,6209515
105630,한세실업,10600,-200,-1.85,10800,10900,10500,85559,907360100,424000000000,40000000
069640,한세엠케이,2545,-10,-0.39,2555,2590,2535,5115,13043465,32854224490,12909322
016450,한세예스24홀딩스,3930,-5,-0.13,3920,3955,3905,17990,70521035,157200000000,40000000
010420,한솔PNS,1400,-5,-0.36,1395,1405,1385,51207,71330000,28690216800,20493012
009180,한솔로지스틱스,2195,235,11.99,1985,2245,1965,13093965,27809407890,60312947875,27477425
213500,한솔제지,13750,-250,-1.79,14000,14050,13700,185146,2561311800,327257920000,23800576
014680,한솔케미칼,151500,-500,-0.33,152000,153000,148500,51225,7711355000,1711222042500,11295195
004710,한솔테크닉스,9290,10,0.11,9340,9450,9130,768068,7097766980,298300766620,32109878
004150,한솔홀딩스,3260,-25,-0.76,3290,3300,3235,62818,205344930,136947961020,42008577
025750,한솔홈데코,1120,10,0.9,1235,1235,1120,7519136,8844321395,90232966880,80565149
004960,한신공영,14200,-400,-2.74,14550,14900,14100,79373,1143632950,164303968400,11570702
011700,한신기계,1350,15,1.12,1330,1365,1325,216535,292147920,43802303850,32446151
001750,한양증권,8260,120,1.47,8140,8360,8080,71673,591224790,105137690840,12728534
001755,한양증권우,14100,-150,-1.05,13950,14700,13650,9692,137290050,7402500000,525000
018880,한온시스템,9960,-90,-0.9,9990,10200,9750,2749425,27510230270,5316648000000,533800000
009420,한올바이오파마,28850,0,0,28950,29600,28700,278991,8105161900,1507142406300,52240638
014130,한익스프레스,4945,-85,-1.69,5020,5070,4885,132975,662227140,59340000000,12000000
300720,한일시멘트,84900,200,0.24,85000,86000,84300,3902,332181900,351907953000,4144970
002220,한일철강,1800,-5,-0.28,1795,1810,1785,49517,89114375,41114766600,22841537
006390,한일현대시멘트,28250,250,0.89,27750,28800,27750,23601,667080600,475201442500,16821290
003300,한일홀딩스,44150,0,0,44100,44200,43750,750,33062250,264650817400,5994356
051600,한전KPS,29450,100,0.34,29550,29550,29300,155365,4566755900,1325250000000,45000000
052690,한전기술,16200,-200,-1.22,16350,16400,16100,56257,911784300,619164000000,38220000
130660,한전산업,3230,-5,-0.15,3240,3240,3190,44454,142577395,105298000000,32600000
002320,한진,51300,-500,-0.97,51800,52200,50800,72114,3715050200,614299852800,11974656
097230,한진중공업,6610,-130,-1.93,6750,6750,6530,137987,911434120,550442997410,83274281
003480,한진중공업홀딩스,3740,70,1.91,3675,3795,3465,89022,332042180,110441496880,29529812
180640,한진칼,84000,-900,-1.06,84500,85300,83800,183784,15482921900,4970318472000,59170458
18064K,한진칼우,52400,300,0.58,51800,52900,51800,12272,642763300,28126538400,536766
005110,한창,1890,-20,-1.05,1925,1925,1890,380606,723812015,65753608410,34790269
009460,한창제지,1990,-5,-0.25,1990,2005,1985,358094,713950110,118738297140,59667486
000880,한화,25400,-800,-3.05,26500,26750,25150,830571,21281953300,1903951869000,74958735
00088K,한화3우B,11850,-250,-2.07,12100,12150,11850,101048,1205937600,266293200000,22472000
088350,한화생명,1465,-30,-2.01,1500,1510,1465,3613482,5341166240,1272396450000,868530000
000370,한화손해보험,2825,-25,-0.88,2890,2890,2815,192645,545550695,329787434875,116738915
009830,한화솔루션,25500,-600,-2.3,26300,26550,25500,1554618,40102060500,4076544673500,159864497
009835,한화솔루션우,26800,-500,-1.83,28100,28200,26500,164968,4444118300,30116151600,1123737
272210,한화시스템,9750,-300,-2.99,10100,10150,9750,738317,7323289090,1074746292750,110230389
012450,한화에어로스페이스,24300,-650,-2.61,24900,25000,24300,484757,11866482500,1230309000000,50630000
000885,한화우,70800,-1900,-2.61,79000,80000,70100,450118,33274114300,33934015200,479294
003530,한화투자증권,1765,-5,-0.28,1770,1785,1755,561932,993926440,378676822875,214547775
003535,한화투자증권우,3090,70,2.32,3030,3245,2955,391778,1213328030,14832000000,4800000
195870,해성디에스,20650,250,1.23,21100,21500,20400,1106642,23189296250,351050000000,17000000
101530,해태제과식품,8370,-230,-2.67,8520,8620,8370,28266,240968440,243707800140,29116822
143210,핸즈코퍼레이션,6400,120,1.91,6450,6450,6300,20817,132435760,139924915200,21863268
000720,현대건설,34300,300,0.88,33950,34300,33650,625699,21232837500,3819502739500,111355765
267270,현대건설기계,22750,-550,-2.36,23400,23750,22700,127222,2927516500,448193040750,19700793
000725,현대건설우,227000,0,0,227000,239500,222000,10619,2438055000,22440312000,98856
005440,현대그린푸드,7890,-80,-1,7970,8010,7860,204456,1616087710,770888362980,97704482
086280,현대글로비스,111500,-3000,-2.62,114500,114500,111500,95546,10769735500,4181250000000,37500000
064350,현대로템,18050,-300,-1.63,18300,18350,17700,1892042,34028696850,1534250000000,85000000
079430,현대리바트,19100,200,1.06,18750,19300,18600,212813,4029337500,392223886200,20535282
012330,현대모비스,205500,-7500,-3.52,211500,213000,205000,386250,80213981000,19533739617000,95054694
010620,현대미포조선,31200,-900,-2.8,31750,32350,31050,238440,7499387300,1246195048800,39942149
069960,현대백화점,59700,-1200,-1.97,60900,61300,59700,88381,5306043100,1397125727700,23402441
004560,현대비앤지스틸,7500,-90,-1.19,7530,7630,7460,39488,296482440,113091082500,15078811
004565,현대비앤지스틸우,78000,-1700,-2.13,80000,80200,77000,3905,304794100,8568456000,109852
011760,현대상사,14800,-250,-1.66,15000,15050,14750,43349,643846700,195788696800,13228966
004310,현대약품,6030,130,2.2,5900,6130,5840,1037819,6230268850,192960000000,32000000
322000,현대에너지솔루션,31350,-100,-0.32,31500,31950,30800,210979,6629643000,351120000000,11200000
126560,현대에이치씨엔,3965,-40,-1,3955,4100,3935,762182,3047114270,447555703140,112876596
017800,현대엘리베이,46300,-550,-1.17,46850,47000,46300,198221,9238833500,1775651346300,38351001
307950,현대오토에버,39750,-600,-1.49,40550,40800,39100,77876,3093937300,834750000000,21000000
011210,현대위아,38000,-1050,-2.69,39050,39100,37800,167262,6405121650,1033413154000,27195083
267260,현대일렉트릭,12450,50,0.4,12400,12850,12100,1136925,14099672450,448786830750,36047135
004020,현대제철,24800,-600,-2.36,25200,25600,24800,876919,21964340800,3309455468000,133445785
267250,현대중공업지주,236500,500,0.21,237000,238500,234000,34379,8104431500,3736372920500,15798617
005380,현대차,126500,-1000,-0.78,128000,129500,125000,1712713,217244662000,27029025655500,213668187
005387,현대차2우B,69200,-800,-1.14,70100,70400,68700,137613,9563233400,2524793209200,36485451
005389,현대차3우B,64000,-300,-0.47,64500,64500,63300,17577,1124919000,155439040000,2428735
005385,현대차우,69000,-500,-0.72,69500,69800,68300,105414,7284081500,1680611265000,24356685
001500,현대차증권,9320,-30,-0.32,9350,9350,9260,45829,426110410,273421874520,29337111
227840,현대코퍼레이션홀딩스,10000,-50,-0.5,10100,10100,9970,17242,172560140,91008360000,9100836
001450,현대해상,23300,-500,-2.1,23650,23900,23100,237505,5527957450,2083020000000,89400000
057050,현대홈쇼핑,60600,-200,-0.33,60700,61300,60500,26263,1595226700,727200000000,12000000
093240,형지엘리트,1735,135,8.44,1615,1770,1565,2671126,4566123765,54053574530,31154798
003010,혜인,4960,-160,-3.13,5110,5140,4955,304353,1529546295,63055225120,12712747
111110,호전실업,8740,-210,-2.35,8940,9130,8720,78590,693261700,69920000000,8000000
008770,호텔신라,70300,-1200,-1.68,71500,71800,70100,342854,24197046300,2759142906300,39248121
008775,호텔신라우,63600,-100,-0.16,63700,64100,63000,11012,700256900,47819504400,751879
002460,화성산업,11650,550,4.95,13150,13650,11600,2177765,27570936200,145051820000,12450800
013520,화승알앤에이,1845,15,0.82,1855,1925,1760,953089,1765838440,119115432450,64561210
241590,화승엔터프라이즈,11150,-550,-4.7,11650,11700,11050,296744,3353286500,674983870500,60536670
006060,화승인더,6900,-120,-1.71,7000,7020,6900,297168,2061220980,381708000000,55320000
010690,화신,2255,-25,-1.1,2290,2320,2255,208011,474444650,78745524550,34920410
133820,화인베스틸,2685,20,0.75,2665,2700,2620,336495,893019650,79341750000,29550000
010660,화천기계,3465,-15,-0.43,3480,3500,3430,425425,1473162345,76230000000,22000000
000850,화천기공,31850,-650,-2,32500,32750,31850,2431,78216050,70070000000,2200000
016580,환인제약,15300,150,0.99,15000,15350,15000,59990,909271050,284581071000,18600070
032560,황금에스티,6140,-30,-0.49,6130,6210,6110,40087,246696360,85960000000,14000000
004800,효성,68300,-1100,-1.59,69500,69900,68200,53457,3675094600,1439151007500,21071025
094280,효성ITX,27300,1700,6.64,25600,28150,25600,178015,4830327800,315538860000,11558200
298040,효성중공업,43400,800,1.88,42700,44600,42700,475841,20724707800,404685383200,9324548
298050,효성첨단소재,132000,6500,5.18,121500,134000,121500,289919,37261779000,591353136000,4479948
298020,효성티앤씨,113500,-500,-0.44,113000,114000,112500,21958,2447599500,491191907000,4327682
298000,효성화학,107000,-2000,-1.83,109000,109500,106500,20223,2170765500,341343482000,3190126
093370,후성,8220,-190,-2.26,8400,8450,8210,1411189,11688110620,761228052180,92606819
081660,휠라홀딩스,33400,-650,-1.91,34050,34150,33300,402001,13518022400,2029124214800,60752222
005870,휴니드,6940,-60,-0.86,7000,7040,6890,150581,1048213030,97965144100,14116015
079980,휴비스,6590,80,1.23,6560,6690,6440,216501,1424978310,227355000000,34500000
005010,휴스틸,7070,-10,-0.14,7010,7100,6980,10537,74019760,53885192760,7621668
069260,휴켐스,16650,-150,-0.89,16700,16800,16450,89903,1489658650,680628490200,40878588
000540,흥국화재,2215,-15,-0.67,2230,2245,2215,13242,29499180,142297458675,64242645
000547,흥국화재2우B,24700,-350,-1.4,25050,25300,24550,5815,145445050,3793920000,153600
000545,흥국화재우,5960,0,0,6070,6070,5910,11773,70479290,4577280000,768000
003280,흥아해운,258,0,0,0,0,0,0,0,30117000222,116732559
